,0,1,2,3,4,5,6,7,8,9,10,11,12,13,14,15,16,17,Class
0,7.0,6.0,9.0,6.0,5.0,4.0,6.0,1.0,6.0,5.0,6.0,6.0,6.0,3.0,7.0,2.0,4.0,5.0, negative
1,4.0,7.0,7.0,6.0,6.0,3.0,5.0,2.0,4.0,6.0,5.0,4.0,8.0,3.0,0.0,1.0,3.0,4.0, negative
2,3.0,3.0,7.0,6.0,6.0,3.0,4.0,2.0,3.0,2.0,4.0,4.0,2.0,2.0,4.0,5.0,5.0,6.0, negative
3,4.0,3.0,6.0,6.0,7.0,2.0,4.0,2.0,3.0,2.0,3.0,3.0,3.0,2.0,2.0,0.0,6.0,5.0, negative
4,3.0,1.0,5.0,4.0,5.0,3.0,2.0,4.0,1.0,0.0,2.0,2.0,0.0,1.0,2.0,5.0,7.0,7.0, negative
5,7.0,7.0,9.0,5.0,3.0,5.0,7.0,1.0,6.0,7.0,6.0,6.0,6.0,3.0,4.0,6.0,4.0,6.0, negative
6,2.0,1.0,4.0,0.0,3.0,3.0,1.0,6.0,0.0,1.0,1.0,0.0,1.0,4.0,0.0,2.0,1.0,1.0, negative
7,6.0,7.0,9.0,5.0,3.0,5.0,7.0,1.0,6.0,7.0,5.0,6.0,4.0,2.0,1.0,5.0,4.0,6.0, negative
8,3.0,2.0,6.0,5.0,6.0,3.0,4.0,3.0,3.0,1.0,4.0,3.0,2.0,3.0,0.0,5.0,4.0,5.0, negative
9,4.0,4.0,6.0,6.0,7.0,2.0,4.0,2.0,4.0,3.0,4.0,4.0,4.0,3.0,0.0,0.0,5.0,5.0, negative
10,3.0,1.0,4.0,4.0,5.0,3.0,2.0,4.0,1.0,1.0,3.0,2.0,0.0,0.0,2.0,5.0,6.0,7.0, negative
11,5.0,5.0,9.0,6.0,6.0,4.0,5.0,1.0,5.0,4.0,5.0,5.0,5.0,4.0,3.0,0.0,3.0,5.0, negative
12,0.0,1.0,2.0,0.0,4.0,2.0,0.0,8.0,0.0,0.0,0.0,0.0,0.0,5.0,1.0,3.0,0.0,1.0, negative
13,4.0,2.0,6.0,5.0,5.0,3.0,3.0,3.0,2.0,2.0,3.0,3.0,1.0,0.0,0.0,2.0,7.0,9.0, negative
14,6.0,6.0,9.0,4.0,3.0,4.0,6.0,1.0,6.0,6.0,5.0,5.0,6.0,3.0,4.0,4.0,3.0,5.0, negative
15,1.0,1.0,3.0,1.0,3.0,2.0,2.0,5.0,1.0,1.0,2.0,1.0,2.0,5.0,4.0,4.0,1.0,1.0, negative
16,6.0,7.0,9.0,5.0,4.0,4.0,6.0,1.0,6.0,7.0,6.0,6.0,6.0,3.0,0.0,3.0,3.0,5.0, negative
17,1.0,0.0,0.0,0.0,4.0,0.0,0.0,9.0,0.0,0.0,0.0,0.0,0.0,6.0,1.0,1.0,0.0,0.0, negative
18,5.0,6.0,9.0,3.0,2.0,4.0,6.0,1.0,5.0,6.0,5.0,5.0,5.0,3.0,2.0,5.0,3.0,4.0, negative
19,7.0,8.0,9.0,3.0,1.0,1.0,8.0,0.0,9.0,6.0,8.0,8.0,8.0,6.0,5.0,0.0,1.0,0.0, negative
20,5.0,4.0,8.0,6.0,6.0,3.0,5.0,1.0,5.0,4.0,6.0,5.0,4.0,3.0,2.0,1.0,4.0,4.0, negative
21,4.0,3.0,5.0,3.0,3.0,1.0,4.0,2.0,4.0,3.0,5.0,4.0,3.0,4.0,0.0,1.0,6.0,4.0, negative
22,5.0,8.0,8.0,7.0,6.0,4.0,7.0,1.0,7.0,8.0,6.0,7.0,6.0,4.0,4.0,4.0,3.0,4.0, negative
23,5.0,2.0,5.0,5.0,6.0,3.0,3.0,3.0,2.0,2.0,3.0,2.0,0.0,1.0,3.0,4.0,6.0,7.0, negative
24,6.0,8.0,8.0,5.0,4.0,4.0,7.0,1.0,7.0,7.0,6.0,7.0,5.0,3.0,5.0,1.0,4.0,5.0, negative
25,6.0,7.0,8.0,8.0,7.0,4.0,6.0,1.0,6.0,6.0,6.0,6.0,5.0,3.0,0.0,3.0,3.0,4.0, negative
26,2.0,3.0,3.0,2.0,4.0,2.0,2.0,5.0,1.0,2.0,2.0,1.0,4.0,5.0,8.0,0.0,1.0,1.0, negative
27,5.0,6.0,7.0,6.0,6.0,3.0,4.0,2.0,4.0,5.0,4.0,4.0,3.0,1.0,1.0,1.0,6.0,7.0, negative
28,0.0,1.0,1.0,0.0,4.0,1.0,0.0,8.0,0.0,0.0,0.0,0.0,1.0,6.0,0.0,2.0,0.0,0.0, negative
29,4.0,6.0,7.0,5.0,5.0,4.0,4.0,3.0,3.0,5.0,4.0,3.0,3.0,1.0,0.0,0.0,7.0,8.0, negative
30,7.0,7.0,9.0,7.0,6.0,4.0,7.0,1.0,7.0,7.0,6.0,7.0,5.0,3.0,4.0,5.0,4.0,7.0, negative
31,5.0,8.0,8.0,8.0,7.0,3.0,6.0,1.0,6.0,7.0,6.0,6.0,8.0,3.0,0.0,1.0,3.0,5.0, negative
32,5.0,9.0,8.0,4.0,3.0,5.0,7.0,1.0,7.0,9.0,5.0,7.0,6.0,3.0,1.0,1.0,2.0,5.0, negative
33,4.0,5.0,4.0,5.0,7.0,2.0,3.0,3.0,2.0,4.0,3.0,3.0,4.0,3.0,4.0,4.0,7.0,8.0, negative
34,4.0,4.0,5.0,5.0,5.0,2.0,3.0,3.0,2.0,3.0,3.0,2.0,4.0,2.0,4.0,4.0,7.0,7.0, negative
35,4.0,2.0,4.0,5.0,7.0,3.0,2.0,4.0,1.0,2.0,2.0,2.0,1.0,3.0,1.0,1.0,5.0,6.0, negative
36,4.0,7.0,7.0,6.0,6.0,4.0,5.0,2.0,4.0,5.0,5.0,4.0,8.0,3.0,1.0,0.0,3.0,4.0, negative
37,7.0,7.0,8.0,6.0,6.0,4.0,7.0,1.0,7.0,7.0,6.0,7.0,6.0,3.0,4.0,5.0,3.0,5.0, negative
38,2.0,3.0,3.0,0.0,4.0,2.0,2.0,5.0,1.0,3.0,2.0,1.0,3.0,6.0,2.0,2.0,0.0,0.0, negative
39,3.0,2.0,6.0,4.0,4.0,3.0,4.0,3.0,3.0,2.0,4.0,3.0,2.0,3.0,3.0,4.0,4.0,4.0, negative
40,1.0,3.0,3.0,0.0,3.0,2.0,2.0,5.0,1.0,4.0,2.0,1.0,3.0,5.0,3.0,3.0,0.0,0.0, negative
41,2.0,2.0,4.0,1.0,3.0,2.0,2.0,5.0,1.0,2.0,2.0,1.0,3.0,5.0,5.0,0.0,1.0,1.0, negative
42,6.0,8.0,7.0,6.0,6.0,4.0,7.0,1.0,6.0,7.0,5.0,6.0,5.0,4.0,1.0,5.0,3.0,4.0, negative
43,6.0,8.0,8.0,5.0,4.0,5.0,7.0,1.0,7.0,8.0,6.0,7.0,5.0,3.0,2.0,2.0,3.0,5.0, negative
44,1.0,4.0,4.0,1.0,4.0,2.0,2.0,5.0,1.0,4.0,2.0,1.0,3.0,5.0,1.0,3.0,1.0,1.0, negative
45,7.0,8.0,8.0,8.0,6.0,4.0,6.0,1.0,6.0,7.0,5.0,6.0,6.0,2.0,0.0,7.0,4.0,6.0, negative
46,0.0,2.0,5.0,1.0,3.0,2.0,2.0,5.0,1.0,2.0,2.0,1.0,1.0,4.0,3.0,7.0,1.0,3.0, negative
47,1.0,4.0,3.0,3.0,7.0,6.0,2.0,5.0,1.0,4.0,3.0,1.0,4.0,6.0,0.0,2.0,1.0,1.0, negative
48,4.0,5.0,5.0,6.0,7.0,2.0,3.0,3.0,2.0,4.0,3.0,3.0,4.0,3.0,2.0,3.0,7.0,7.0, negative
49,4.0,4.0,5.0,4.0,5.0,3.0,3.0,4.0,2.0,4.0,3.0,2.0,4.0,2.0,5.0,0.0,5.0,5.0, negative
50,3.0,0.0,3.0,3.0,5.0,2.0,1.0,5.0,0.0,0.0,2.0,1.0,0.0,0.0,0.0,0.0,8.0,8.0, negative
51,5.0,5.0,8.0,6.0,6.0,3.0,5.0,1.0,5.0,4.0,5.0,5.0,3.0,2.0,0.0,1.0,4.0,5.0, negative
52,2.0,5.0,4.0,3.0,6.0,2.0,2.0,4.0,1.0,3.0,2.0,1.0,4.0,4.0,0.0,0.0,2.0,3.0, negative
53,4.0,6.0,7.0,7.0,6.0,3.0,4.0,2.0,4.0,5.0,5.0,4.0,6.0,2.0,3.0,1.0,5.0,6.0, negative
54,3.0,1.0,2.0,1.0,4.0,2.0,0.0,8.0,0.0,1.0,0.0,0.0,1.0,2.0,9.0,5.0,4.0,4.0, negative
55,1.0,1.0,3.0,1.0,3.0,2.0,1.0,7.0,0.0,1.0,1.0,0.0,1.0,3.0,7.0,1.0,2.0,1.0, negative
56,2.0,2.0,4.0,2.0,5.0,1.0,1.0,6.0,0.0,2.0,1.0,0.0,2.0,2.0,1.0,2.0,4.0,4.0, negative
57,6.0,9.0,8.0,8.0,7.0,4.0,7.0,1.0,7.0,8.0,6.0,7.0,8.0,3.0,3.0,0.0,3.0,4.0, negative
58,5.0,6.0,5.0,6.0,7.0,2.0,4.0,2.0,3.0,5.0,4.0,4.0,5.0,4.0,1.0,3.0,7.0,5.0, negative
59,6.0,3.0,6.0,5.0,6.0,3.0,4.0,3.0,3.0,3.0,4.0,3.0,1.0,2.0,3.0,7.0,6.0,8.0, negative
60,1.0,4.0,4.0,1.0,4.0,2.0,2.0,5.0,1.0,4.0,2.0,1.0,4.0,5.0,1.0,3.0,1.0,1.0, negative
61,0.0,3.0,4.0,2.0,6.0,3.0,2.0,5.0,1.0,3.0,2.0,1.0,3.0,4.0,0.0,2.0,1.0,1.0, negative
62,4.0,1.0,4.0,4.0,5.0,3.0,2.0,4.0,2.0,2.0,3.0,2.0,0.0,1.0,2.0,9.0,6.0,8.0, negative
63,3.0,1.0,5.0,5.0,7.0,2.0,3.0,3.0,2.0,1.0,3.0,2.0,1.0,2.0,0.0,3.0,7.0,7.0, negative
64,6.0,7.0,8.0,6.0,6.0,4.0,6.0,1.0,6.0,7.0,5.0,6.0,6.0,3.0,5.0,2.0,3.0,5.0, negative
65,4.0,5.0,5.0,4.0,5.0,2.0,3.0,3.0,2.0,4.0,4.0,3.0,4.0,2.0,1.0,0.0,4.0,5.0, negative
66,1.0,3.0,4.0,3.0,6.0,2.0,2.0,5.0,1.0,3.0,3.0,1.0,2.0,4.0,2.0,2.0,2.0,2.0, negative
67,9.0,7.0,9.0,8.0,6.0,5.0,7.0,1.0,6.0,6.0,6.0,6.0,6.0,2.0,7.0,6.0,5.0,8.0, negative
68,7.0,6.0,8.0,6.0,5.0,4.0,6.0,1.0,5.0,5.0,6.0,5.0,6.0,3.0,2.0,3.0,4.0,5.0, negative
69,5.0,1.0,4.0,5.0,7.0,1.0,3.0,3.0,2.0,1.0,3.0,3.0,1.0,3.0,0.0,0.0,7.0,6.0, negative
70,3.0,4.0,5.0,4.0,5.0,2.0,2.0,5.0,1.0,3.0,2.0,1.0,4.0,1.0,4.0,2.0,8.0,8.0, negative
71,6.0,7.0,9.0,6.0,5.0,4.0,7.0,1.0,6.0,7.0,6.0,6.0,6.0,2.0,0.0,2.0,3.0,6.0, negative
72,5.0,9.0,9.0,6.0,6.0,4.0,7.0,1.0,7.0,8.0,6.0,7.0,5.0,3.0,2.0,4.0,3.0,5.0, negative
73,4.0,2.0,5.0,4.0,7.0,2.0,2.0,4.0,1.0,1.0,3.0,1.0,1.0,3.0,2.0,3.0,6.0,6.0, negative
74,3.0,1.0,1.0,0.0,3.0,1.0,1.0,6.0,0.0,1.0,1.0,0.0,1.0,5.0,7.0,3.0,2.0,1.0, negative
75,2.0,3.0,4.0,1.0,4.0,2.0,2.0,5.0,1.0,3.0,2.0,1.0,3.0,6.0,2.0,2.0,0.0,0.0, negative
76,1.0,1.0,1.0,0.0,4.0,2.0,1.0,7.0,0.0,1.0,1.0,0.0,2.0,5.0,4.0,1.0,0.0,0.0, negative
77,3.0,5.0,5.0,3.0,4.0,3.0,3.0,4.0,2.0,4.0,3.0,2.0,5.0,3.0,4.0,3.0,3.0,3.0, negative
78,3.0,4.0,5.0,4.0,5.0,3.0,3.0,3.0,2.0,4.0,3.0,2.0,4.0,1.0,0.0,2.0,7.0,8.0, negative
79,1.0,4.0,3.0,1.0,5.0,2.0,2.0,5.0,1.0,4.0,2.0,1.0,4.0,5.0,1.0,3.0,0.0,0.0, negative
80,4.0,2.0,6.0,5.0,6.0,3.0,3.0,3.0,2.0,2.0,4.0,3.0,2.0,3.0,3.0,6.0,3.0,4.0, negative
81,2.0,1.0,4.0,1.0,4.0,3.0,1.0,6.0,0.0,1.0,1.0,0.0,0.0,3.0,4.0,4.0,2.0,3.0, negative
82,2.0,0.0,1.0,1.0,4.0,2.0,0.0,9.0,0.0,0.0,0.0,0.0,0.0,3.0,1.0,4.0,2.0,2.0, negative
83,6.0,7.0,8.0,9.0,7.0,1.0,8.0,0.0,8.0,6.0,8.0,8.0,8.0,6.0,3.0,5.0,2.0,0.0, negative
84,4.0,1.0,4.0,4.0,6.0,2.0,2.0,4.0,1.0,2.0,3.0,2.0,0.0,3.0,1.0,5.0,4.0,4.0, negative
85,2.0,0.0,1.0,0.0,4.0,1.0,0.0,9.0,0.0,0.0,0.0,0.0,0.0,4.0,4.0,6.0,2.0,2.0, negative
86,7.0,6.0,9.0,5.0,5.0,4.0,6.0,1.0,6.0,5.0,6.0,5.0,6.0,3.0,5.0,7.0,4.0,6.0, negative
87,6.0,8.0,8.0,8.0,7.0,4.0,7.0,1.0,6.0,7.0,6.0,7.0,6.0,3.0,0.0,1.0,3.0,5.0, negative
88,4.0,4.0,5.0,3.0,4.0,2.0,3.0,4.0,2.0,4.0,3.0,2.0,4.0,3.0,3.0,2.0,4.0,4.0, negative
89,7.0,6.0,8.0,6.0,6.0,4.0,5.0,2.0,5.0,5.0,5.0,4.0,5.0,2.0,3.0,3.0,5.0,7.0, negative
90,6.0,9.0,9.0,7.0,7.0,4.0,7.0,1.0,6.0,8.0,6.0,7.0,8.0,4.0,4.0,0.0,3.0,4.0, negative
91,5.0,3.0,6.0,5.0,6.0,3.0,4.0,2.0,4.0,3.0,4.0,4.0,3.0,2.0,2.0,3.0,4.0,5.0, negative
92,2.0,3.0,3.0,0.0,3.0,2.0,2.0,5.0,1.0,3.0,2.0,1.0,3.0,6.0,2.0,0.0,1.0,0.0, negative
93,2.0,4.0,3.0,1.0,4.0,2.0,2.0,5.0,1.0,3.0,2.0,1.0,4.0,6.0,3.0,0.0,1.0,0.0, negative
94,7.0,7.0,9.0,7.0,7.0,5.0,7.0,1.0,7.0,7.0,6.0,7.0,6.0,3.0,5.0,6.0,3.0,6.0, negative
95,2.0,4.0,5.0,3.0,5.0,3.0,2.0,4.0,1.0,3.0,3.0,2.0,3.0,3.0,0.0,0.0,4.0,4.0, negative
96,1.0,4.0,4.0,1.0,5.0,2.0,2.0,5.0,1.0,3.0,2.0,1.0,4.0,5.0,2.0,4.0,1.0,1.0, negative
97,7.0,8.0,8.0,7.0,6.0,4.0,6.0,1.0,6.0,6.0,6.0,6.0,8.0,3.0,4.0,0.0,4.0,5.0, negative
98,1.0,4.0,4.0,2.0,5.0,2.0,2.0,5.0,1.0,3.0,3.0,1.0,4.0,5.0,0.0,3.0,1.0,1.0, negative
99,4.0,4.0,6.0,7.0,7.0,1.0,4.0,2.0,4.0,3.0,4.0,4.0,4.0,3.0,1.0,3.0,6.0,5.0, negative
100,2.0,4.0,3.0,1.0,4.0,3.0,2.0,5.0,1.0,3.0,2.0,1.0,4.0,6.0,0.0,1.0,0.0,0.0, negative
101,4.0,6.0,8.0,5.0,5.0,2.0,6.0,1.0,6.0,4.0,6.0,6.0,6.0,4.0,3.0,6.0,3.0,2.0, negative
102,7.0,7.0,8.0,7.0,6.0,4.0,6.0,1.0,6.0,6.0,5.0,6.0,6.0,2.0,0.0,0.0,4.0,6.0, negative
103,2.0,4.0,3.0,2.0,6.0,2.0,2.0,5.0,1.0,3.0,2.0,1.0,4.0,4.0,2.0,0.0,2.0,1.0, negative
104,3.0,2.0,4.0,1.0,3.0,2.0,2.0,5.0,1.0,1.0,2.0,1.0,2.0,4.0,4.0,4.0,2.0,2.0, negative
105,2.0,1.0,4.0,1.0,4.0,2.0,0.0,8.0,0.0,0.0,0.0,0.0,0.0,3.0,1.0,7.0,2.0,4.0, negative
106,3.0,1.0,6.0,5.0,6.0,2.0,3.0,4.0,2.0,0.0,3.0,2.0,1.0,2.0,4.0,7.0,6.0,7.0, negative
107,5.0,4.0,7.0,5.0,5.0,3.0,4.0,2.0,4.0,4.0,4.0,4.0,2.0,2.0,0.0,0.0,5.0,5.0, negative
108,4.0,8.0,9.0,4.0,4.0,4.0,6.0,1.0,6.0,8.0,5.0,6.0,6.0,4.0,5.0,5.0,3.0,4.0, negative
109,6.0,7.0,8.0,6.0,6.0,3.0,5.0,2.0,4.0,6.0,4.0,4.0,6.0,2.0,2.0,1.0,4.0,5.0, negative
110,2.0,1.0,5.0,3.0,5.0,3.0,2.0,5.0,1.0,0.0,3.0,1.0,1.0,3.0,2.0,5.0,4.0,5.0, negative
111,9.0,9.0,8.0,4.0,2.0,2.0,9.0,0.0,9.0,7.0,9.0,9.0,9.0,6.0,0.0,5.0,1.0,0.0, negative
112,4.0,3.0,3.0,4.0,6.0,2.0,1.0,5.0,0.0,3.0,2.0,1.0,4.0,2.0,4.0,1.0,7.0,7.0, negative
113,7.0,8.0,8.0,8.0,7.0,4.0,7.0,1.0,7.0,8.0,6.0,7.0,6.0,4.0,3.0,0.0,3.0,5.0, negative
114,6.0,6.0,9.0,6.0,5.0,4.0,7.0,1.0,7.0,6.0,6.0,7.0,5.0,3.0,5.0,3.0,4.0,6.0, negative
115,4.0,4.0,6.0,7.0,7.0,2.0,4.0,2.0,4.0,3.0,4.0,4.0,2.0,4.0,1.0,5.0,6.0,5.0, negative
116,2.0,4.0,5.0,3.0,5.0,2.0,2.0,5.0,1.0,3.0,2.0,1.0,2.0,3.0,4.0,0.0,3.0,3.0, negative
117,4.0,4.0,4.0,4.0,7.0,2.0,2.0,4.0,1.0,3.0,3.0,2.0,4.0,3.0,2.0,1.0,5.0,5.0, negative
118,4.0,3.0,4.0,3.0,6.0,2.0,2.0,5.0,1.0,3.0,2.0,1.0,3.0,2.0,3.0,0.0,6.0,6.0, negative
119,7.0,8.0,8.0,7.0,6.0,4.0,7.0,1.0,6.0,7.0,5.0,7.0,6.0,3.0,6.0,0.0,3.0,5.0, negative
120,6.0,8.0,8.0,7.0,6.0,5.0,7.0,1.0,7.0,8.0,6.0,7.0,6.0,3.0,0.0,5.0,3.0,5.0, negative
121,6.0,5.0,6.0,5.0,5.0,4.0,4.0,3.0,3.0,4.0,3.0,3.0,4.0,1.0,2.0,5.0,6.0,9.0, negative
122,7.0,8.0,9.0,8.0,6.0,4.0,6.0,1.0,6.0,7.0,6.0,6.0,6.0,2.0,4.0,7.0,4.0,6.0, negative
123,3.0,2.0,4.0,2.0,4.0,2.0,1.0,6.0,0.0,2.0,1.0,0.0,2.0,0.0,7.0,1.0,8.0,9.0, negative
124,6.0,8.0,9.0,7.0,6.0,4.0,5.0,1.0,5.0,6.0,5.0,5.0,6.0,2.0,4.0,4.0,4.0,5.0, negative
125,3.0,3.0,4.0,2.0,4.0,2.0,2.0,5.0,1.0,3.0,2.0,1.0,3.0,3.0,5.0,5.0,3.0,3.0, negative
126,4.0,4.0,8.0,6.0,5.0,4.0,4.0,2.0,4.0,3.0,4.0,4.0,2.0,1.0,1.0,3.0,6.0,7.0, negative
127,5.0,5.0,4.0,5.0,7.0,2.0,3.0,3.0,2.0,4.0,3.0,2.0,3.0,2.0,4.0,1.0,7.0,7.0, negative
128,1.0,2.0,4.0,1.0,3.0,1.0,1.0,6.0,0.0,1.0,1.0,0.0,3.0,3.0,7.0,1.0,3.0,2.0, negative
129,7.0,9.0,9.0,4.0,2.0,1.0,9.0,0.0,9.0,7.0,9.0,9.0,9.0,6.0,4.0,0.0,1.0,0.0, negative
130,4.0,3.0,4.0,3.0,4.0,2.0,1.0,5.0,0.0,3.0,2.0,1.0,3.0,0.0,4.0,1.0,8.0,9.0, negative
131,6.0,8.0,9.0,6.0,5.0,4.0,7.0,1.0,7.0,8.0,6.0,7.0,5.0,4.0,3.0,8.0,3.0,6.0, negative
132,4.0,1.0,6.0,4.0,5.0,2.0,3.0,3.0,3.0,1.0,3.0,3.0,1.0,2.0,0.0,6.0,6.0,7.0, negative
133,1.0,1.0,2.0,0.0,3.0,2.0,0.0,8.0,0.0,0.0,0.0,0.0,1.0,5.0,3.0,1.0,0.0,0.0, negative
134,5.0,5.0,8.0,5.0,5.0,4.0,6.0,1.0,5.0,4.0,6.0,6.0,5.0,3.0,2.0,1.0,4.0,4.0, negative
135,5.0,4.0,9.0,5.0,5.0,3.0,5.0,2.0,5.0,4.0,5.0,4.0,5.0,4.0,5.0,3.0,4.0,5.0, negative
136,7.0,8.0,9.0,6.0,5.0,4.0,5.0,1.0,5.0,6.0,5.0,5.0,7.0,2.0,5.0,0.0,4.0,6.0, negative
137,5.0,6.0,6.0,6.0,7.0,2.0,4.0,2.0,3.0,6.0,4.0,4.0,5.0,3.0,4.0,2.0,6.0,5.0, negative
138,6.0,8.0,9.0,7.0,6.0,4.0,6.0,1.0,6.0,6.0,5.0,5.0,6.0,3.0,6.0,5.0,4.0,5.0, negative
139,2.0,3.0,3.0,1.0,3.0,2.0,1.0,6.0,0.0,2.0,1.0,0.0,3.0,4.0,1.0,0.0,1.0,1.0, negative
140,6.0,8.0,8.0,5.0,5.0,4.0,7.0,1.0,6.0,8.0,6.0,6.0,6.0,4.0,2.0,2.0,2.0,4.0, negative
141,2.0,1.0,5.0,3.0,5.0,2.0,2.0,5.0,1.0,1.0,2.0,1.0,0.0,2.0,0.0,7.0,6.0,7.0, negative
142,6.0,4.0,9.0,5.0,5.0,4.0,5.0,2.0,5.0,4.0,5.0,4.0,5.0,2.0,3.0,9.0,5.0,7.0, negative
143,2.0,4.0,3.0,1.0,4.0,2.0,2.0,5.0,1.0,4.0,2.0,1.0,4.0,5.0,1.0,3.0,0.0,0.0, negative
144,7.0,7.0,8.0,3.0,0.0,1.0,8.0,0.0,8.0,6.0,8.0,8.0,6.0,5.0,1.0,4.0,2.0,0.0, negative
145,7.0,7.0,8.0,5.0,4.0,4.0,7.0,1.0,6.0,6.0,6.0,6.0,4.0,3.0,4.0,5.0,3.0,5.0, negative
146,5.0,6.0,7.0,6.0,6.0,4.0,4.0,2.0,4.0,5.0,4.0,4.0,7.0,2.0,4.0,0.0,4.0,5.0, negative
147,6.0,8.0,8.0,7.0,6.0,4.0,6.0,1.0,6.0,6.0,6.0,6.0,8.0,3.0,2.0,3.0,3.0,4.0, negative
148,8.0,8.0,8.0,6.0,6.0,4.0,6.0,1.0,6.0,7.0,5.0,6.0,6.0,4.0,7.0,3.0,3.0,5.0, negative
149,6.0,6.0,7.0,7.0,6.0,4.0,4.0,2.0,4.0,5.0,4.0,4.0,5.0,2.0,1.0,1.0,6.0,8.0, negative
150,3.0,0.0,4.0,2.0,4.0,1.0,1.0,6.0,0.0,0.0,1.0,0.0,0.0,1.0,4.0,7.0,9.0,9.0, negative
151,7.0,8.0,8.0,6.0,6.0,4.0,7.0,1.0,7.0,8.0,6.0,7.0,6.0,3.0,2.0,3.0,3.0,6.0, negative
152,7.0,8.0,8.0,6.0,5.0,2.0,8.0,0.0,8.0,7.0,8.0,8.0,8.0,5.0,1.0,0.0,3.0,0.0, negative
153,2.0,4.0,4.0,2.0,6.0,3.0,2.0,5.0,1.0,3.0,2.0,1.0,4.0,4.0,2.0,1.0,2.0,2.0, negative
154,5.0,5.0,6.0,5.0,5.0,2.0,5.0,1.0,5.0,4.0,5.0,5.0,5.0,4.0,3.0,0.0,5.0,3.0, negative
155,3.0,2.0,4.0,2.0,5.0,2.0,1.0,7.0,0.0,2.0,1.0,0.0,1.0,1.0,0.0,0.0,5.0,6.0, negative
156,5.0,6.0,5.0,6.0,7.0,2.0,4.0,2.0,3.0,5.0,4.0,3.0,4.0,3.0,0.0,1.0,6.0,6.0, negative
157,3.0,1.0,2.0,1.0,5.0,1.0,2.0,5.0,1.0,1.0,2.0,1.0,2.0,6.0,5.0,0.0,1.0,0.0, negative
158,3.0,3.0,4.0,2.0,4.0,2.0,2.0,5.0,1.0,2.0,2.0,1.0,2.0,4.0,8.0,1.0,2.0,2.0, negative
159,5.0,8.0,9.0,4.0,3.0,4.0,7.0,1.0,7.0,8.0,6.0,7.0,6.0,4.0,3.0,7.0,3.0,5.0, negative
160,6.0,5.0,9.0,7.0,6.0,4.0,5.0,1.0,5.0,4.0,5.0,5.0,4.0,1.0,0.0,6.0,5.0,7.0, negative
161,7.0,8.0,9.0,6.0,5.0,4.0,7.0,1.0,7.0,8.0,6.0,7.0,6.0,3.0,6.0,0.0,4.0,4.0, negative
162,2.0,4.0,3.0,1.0,3.0,3.0,2.0,5.0,1.0,4.0,2.0,1.0,3.0,5.0,0.0,2.0,0.0,0.0, negative
163,1.0,2.0,6.0,2.0,3.0,2.0,2.0,5.0,1.0,2.0,2.0,1.0,1.0,3.0,4.0,4.0,2.0,2.0, negative
164,3.0,1.0,5.0,3.0,5.0,2.0,2.0,5.0,1.0,1.0,2.0,1.0,2.0,3.0,2.0,5.0,3.0,3.0, negative
165,6.0,7.0,7.0,5.0,5.0,3.0,4.0,2.0,4.0,6.0,4.0,4.0,5.0,2.0,4.0,1.0,5.0,6.0, negative
166,3.0,6.0,7.0,5.0,5.0,4.0,4.0,2.0,3.0,5.0,5.0,3.0,6.0,3.0,2.0,4.0,4.0,5.0, negative
167,5.0,3.0,7.0,6.0,6.0,4.0,4.0,3.0,3.0,3.0,4.0,3.0,1.0,1.0,1.0,0.0,6.0,7.0, negative
168,6.0,7.0,8.0,6.0,5.0,3.0,4.0,2.0,4.0,6.0,4.0,4.0,5.0,2.0,6.0,3.0,5.0,6.0, negative
169,4.0,5.0,6.0,4.0,5.0,3.0,3.0,3.0,3.0,4.0,4.0,3.0,5.0,2.0,6.0,0.0,6.0,6.0, negative
170,4.0,3.0,5.0,2.0,4.0,2.0,2.0,5.0,1.0,3.0,2.0,1.0,3.0,3.0,6.0,0.0,4.0,4.0, negative
171,3.0,3.0,4.0,4.0,6.0,2.0,2.0,5.0,1.0,2.0,2.0,1.0,2.0,3.0,1.0,4.0,5.0,5.0, negative
172,6.0,7.0,9.0,6.0,6.0,5.0,7.0,1.0,7.0,7.0,6.0,7.0,5.0,3.0,6.0,8.0,4.0,7.0, negative
173,5.0,5.0,6.0,5.0,5.0,4.0,3.0,3.0,3.0,5.0,3.0,3.0,3.0,0.0,6.0,4.0,8.0,9.0, negative
174,2.0,1.0,2.0,1.0,4.0,2.0,0.0,7.0,0.0,1.0,1.0,0.0,1.0,3.0,0.0,3.0,3.0,3.0, negative
175,6.0,8.0,8.0,7.0,7.0,4.0,7.0,1.0,7.0,7.0,6.0,7.0,5.0,4.0,0.0,3.0,3.0,5.0, negative
176,5.0,6.0,5.0,6.0,6.0,2.0,4.0,2.0,4.0,5.0,4.0,4.0,5.0,4.0,2.0,0.0,6.0,5.0, negative
177,5.0,6.0,9.0,8.0,7.0,4.0,7.0,1.0,7.0,6.0,6.0,7.0,5.0,4.0,4.0,4.0,4.0,5.0, negative
178,6.0,8.0,8.0,6.0,6.0,4.0,6.0,1.0,6.0,8.0,6.0,6.0,6.0,4.0,0.0,0.0,2.0,4.0, negative
179,6.0,7.0,8.0,5.0,6.0,4.0,6.0,1.0,6.0,6.0,5.0,6.0,5.0,4.0,5.0,5.0,3.0,5.0, negative
180,4.0,4.0,4.0,5.0,7.0,2.0,3.0,3.0,2.0,4.0,3.0,3.0,3.0,3.0,7.0,2.0,7.0,7.0, negative
181,5.0,5.0,7.0,8.0,7.0,1.0,5.0,1.0,5.0,4.0,6.0,5.0,4.0,5.0,1.0,2.0,5.0,3.0, negative
182,7.0,7.0,8.0,7.0,6.0,4.0,7.0,1.0,7.0,7.0,6.0,7.0,6.0,3.0,2.0,0.0,3.0,5.0, negative
183,1.0,5.0,4.0,2.0,6.0,2.0,2.0,5.0,1.0,4.0,2.0,1.0,5.0,4.0,2.0,0.0,2.0,2.0, negative
184,1.0,2.0,4.0,2.0,4.0,3.0,2.0,5.0,1.0,2.0,2.0,1.0,2.0,4.0,4.0,2.0,1.0,1.0, negative
185,1.0,4.0,4.0,0.0,2.0,2.0,2.0,5.0,1.0,4.0,2.0,1.0,4.0,5.0,0.0,0.0,1.0,1.0, negative
186,6.0,6.0,7.0,4.0,3.0,1.0,7.0,1.0,7.0,5.0,7.0,7.0,5.0,5.0,1.0,2.0,3.0,0.0, negative
187,6.0,7.0,9.0,6.0,6.0,4.0,7.0,1.0,7.0,7.0,6.0,7.0,5.0,3.0,6.0,7.0,4.0,7.0, negative
188,4.0,3.0,6.0,5.0,5.0,4.0,4.0,2.0,3.0,3.0,4.0,4.0,3.0,3.0,1.0,2.0,4.0,5.0, negative
189,5.0,5.0,7.0,6.0,6.0,2.0,5.0,1.0,5.0,4.0,5.0,5.0,5.0,4.0,3.0,2.0,5.0,4.0, negative
190,4.0,1.0,4.0,5.0,7.0,2.0,2.0,4.0,1.0,1.0,3.0,2.0,0.0,3.0,0.0,0.0,7.0,6.0, negative
191,6.0,6.0,9.0,6.0,5.0,4.0,6.0,1.0,6.0,5.0,5.0,5.0,3.0,1.0,0.0,4.0,5.0,8.0, negative
192,7.0,8.0,8.0,6.0,6.0,4.0,7.0,1.0,7.0,7.0,6.0,6.0,6.0,3.0,0.0,6.0,3.0,5.0, negative
193,5.0,6.0,6.0,5.0,5.0,1.0,5.0,1.0,5.0,5.0,5.0,5.0,6.0,4.0,3.0,6.0,4.0,2.0, negative
194,8.0,7.0,7.0,6.0,5.0,4.0,7.0,1.0,6.0,6.0,5.0,6.0,5.0,3.0,2.0,6.0,3.0,5.0, negative
195,8.0,9.0,9.0,5.0,4.0,2.0,9.0,0.0,9.0,8.0,9.0,9.0,9.0,6.0,4.0,5.0,1.0,0.0, negative
196,6.0,6.0,9.0,7.0,6.0,4.0,6.0,1.0,5.0,6.0,5.0,5.0,5.0,2.0,1.0,4.0,3.0,5.0, negative
197,7.0,5.0,9.0,6.0,5.0,4.0,6.0,1.0,6.0,4.0,6.0,5.0,5.0,3.0,2.0,6.0,4.0,7.0, negative
198,6.0,6.0,9.0,4.0,4.0,4.0,6.0,1.0,6.0,6.0,5.0,6.0,6.0,4.0,3.0,2.0,3.0,4.0, negative
199,2.0,3.0,2.0,0.0,2.0,2.0,2.0,5.0,1.0,3.0,2.0,1.0,3.0,6.0,0.0,3.0,0.0,0.0, negative
200,2.0,4.0,4.0,1.0,4.0,2.0,2.0,5.0,1.0,4.0,2.0,1.0,4.0,5.0,4.0,2.0,1.0,0.0, negative
201,3.0,3.0,4.0,4.0,7.0,6.0,2.0,5.0,1.0,3.0,3.0,1.0,3.0,4.0,0.0,2.0,3.0,2.0, negative
202,9.0,8.0,9.0,7.0,6.0,5.0,6.0,1.0,6.0,7.0,5.0,6.0,7.0,2.0,9.0,0.0,5.0,6.0, negative
203,5.0,6.0,6.0,7.0,7.0,2.0,5.0,2.0,4.0,5.0,4.0,4.0,6.0,4.0,1.0,1.0,6.0,4.0, negative
204,3.0,1.0,4.0,1.0,3.0,2.0,2.0,5.0,1.0,1.0,2.0,1.0,2.0,3.0,0.0,1.0,3.0,3.0, negative
205,4.0,8.0,8.0,6.0,6.0,3.0,6.0,1.0,5.0,6.0,6.0,5.0,8.0,4.0,2.0,0.0,3.0,4.0, negative
206,2.0,3.0,3.0,3.0,6.0,6.0,2.0,5.0,1.0,2.0,2.0,1.0,2.0,4.0,2.0,3.0,2.0,3.0, negative
207,5.0,5.0,5.0,5.0,6.0,3.0,3.0,3.0,2.0,4.0,4.0,3.0,4.0,3.0,4.0,0.0,5.0,5.0, negative
208,3.0,2.0,5.0,5.0,5.0,2.0,4.0,3.0,3.0,2.0,4.0,3.0,2.0,2.0,0.0,7.0,4.0,5.0, negative
209,6.0,4.0,6.0,5.0,6.0,2.0,5.0,1.0,4.0,3.0,5.0,4.0,3.0,4.0,2.0,1.0,6.0,3.0, negative
210,2.0,3.0,3.0,1.0,4.0,2.0,2.0,5.0,1.0,3.0,3.0,1.0,3.0,5.0,2.0,3.0,1.0,1.0, negative
211,9.0,6.0,8.0,6.0,5.0,5.0,5.0,2.0,5.0,6.0,4.0,4.0,4.0,1.0,9.0,0.0,7.0,8.0, negative
212,2.0,4.0,4.0,2.0,6.0,2.0,2.0,5.0,1.0,3.0,2.0,1.0,3.0,3.0,2.0,0.0,4.0,4.0, negative
213,4.0,1.0,4.0,5.0,7.0,2.0,2.0,4.0,1.0,0.0,3.0,2.0,0.0,3.0,0.0,4.0,7.0,7.0, negative
214,7.0,8.0,8.0,4.0,2.0,2.0,8.0,0.0,8.0,6.0,8.0,8.0,8.0,6.0,4.0,2.0,2.0,0.0, negative
215,6.0,8.0,9.0,5.0,3.0,2.0,9.0,0.0,9.0,7.0,9.0,9.0,7.0,5.0,2.0,6.0,1.0,0.0, negative
216,4.0,3.0,7.0,6.0,6.0,3.0,4.0,3.0,3.0,3.0,4.0,3.0,2.0,2.0,0.0,7.0,5.0,6.0, negative
217,5.0,1.0,5.0,4.0,5.0,3.0,3.0,4.0,2.0,1.0,3.0,2.0,1.0,3.0,0.0,0.0,3.0,3.0, negative
218,6.0,7.0,7.0,5.0,6.0,2.0,6.0,1.0,5.0,6.0,6.0,5.0,6.0,5.0,2.0,3.0,5.0,3.0, negative
219,4.0,1.0,4.0,5.0,7.0,2.0,3.0,3.0,2.0,1.0,3.0,2.0,1.0,3.0,0.0,3.0,6.0,6.0, negative
220,5.0,6.0,9.0,8.0,6.0,3.0,7.0,1.0,6.0,6.0,6.0,7.0,5.0,3.0,2.0,4.0,4.0,5.0, negative
221,8.0,6.0,8.0,6.0,5.0,4.0,6.0,1.0,6.0,5.0,5.0,6.0,4.0,2.0,4.0,2.0,4.0,6.0, negative
222,2.0,3.0,4.0,2.0,5.0,2.0,2.0,5.0,1.0,3.0,3.0,1.0,4.0,6.0,0.0,0.0,1.0,0.0, negative
223,2.0,4.0,4.0,4.0,7.0,2.0,2.0,5.0,1.0,3.0,2.0,1.0,4.0,3.0,2.0,0.0,5.0,6.0, negative
224,6.0,8.0,9.0,8.0,7.0,4.0,7.0,1.0,7.0,8.0,6.0,7.0,6.0,4.0,6.0,2.0,3.0,4.0, negative
225,4.0,1.0,4.0,4.0,5.0,3.0,3.0,4.0,2.0,2.0,3.0,2.0,1.0,1.0,3.0,7.0,6.0,8.0, negative
226,8.0,6.0,9.0,5.0,4.0,5.0,6.0,1.0,6.0,6.0,6.0,6.0,4.0,2.0,8.0,0.0,4.0,5.0, negative
227,2.0,1.0,4.0,1.0,3.0,3.0,1.0,7.0,0.0,1.0,0.0,0.0,0.0,2.0,0.0,5.0,3.0,5.0, negative
228,2.0,4.0,8.0,7.0,7.0,4.0,5.0,2.0,4.0,3.0,5.0,4.0,4.0,3.0,0.0,5.0,3.0,4.0, negative
229,3.0,0.0,1.0,0.0,4.0,1.0,0.0,9.0,0.0,0.0,0.0,0.0,1.0,4.0,9.0,0.0,1.0,1.0, negative
230,5.0,4.0,7.0,6.0,6.0,4.0,5.0,2.0,4.0,4.0,6.0,4.0,5.0,3.0,0.0,3.0,3.0,5.0, negative
231,4.0,3.0,4.0,3.0,4.0,3.0,1.0,6.0,0.0,2.0,2.0,1.0,2.0,1.0,4.0,5.0,7.0,8.0, negative
232,4.0,5.0,6.0,6.0,6.0,2.0,3.0,3.0,3.0,4.0,4.0,3.0,5.0,2.0,0.0,0.0,6.0,6.0, negative
233,5.0,7.0,6.0,6.0,7.0,1.0,5.0,1.0,4.0,6.0,5.0,4.0,6.0,4.0,1.0,1.0,5.0,4.0, negative
234,4.0,5.0,6.0,6.0,7.0,2.0,4.0,2.0,3.0,4.0,3.0,3.0,5.0,3.0,3.0,4.0,7.0,6.0, negative
235,4.0,1.0,4.0,5.0,6.0,3.0,3.0,4.0,2.0,2.0,3.0,2.0,1.0,3.0,1.0,3.0,4.0,5.0, negative
236,1.0,4.0,4.0,1.0,5.0,2.0,2.0,5.0,1.0,3.0,2.0,1.0,4.0,4.0,3.0,0.0,2.0,3.0, negative
237,5.0,1.0,4.0,5.0,6.0,2.0,3.0,3.0,2.0,1.0,4.0,3.0,1.0,4.0,0.0,1.0,6.0,5.0, negative
238,0.0,1.0,3.0,0.0,2.0,2.0,1.0,5.0,1.0,1.0,2.0,1.0,1.0,4.0,0.0,0.0,1.0,1.0, negative
239,2.0,3.0,5.0,4.0,7.0,2.0,2.0,4.0,1.0,3.0,3.0,2.0,3.0,4.0,2.0,2.0,2.0,2.0, negative
240,7.0,8.0,9.0,8.0,6.0,4.0,7.0,1.0,6.0,7.0,6.0,7.0,6.0,3.0,6.0,0.0,4.0,5.0, negative
241,2.0,2.0,3.0,0.0,2.0,1.0,2.0,5.0,1.0,2.0,2.0,1.0,3.0,6.0,5.0,0.0,1.0,0.0, negative
242,8.0,7.0,9.0,7.0,5.0,4.0,6.0,1.0,5.0,7.0,5.0,5.0,6.0,1.0,9.0,0.0,6.0,7.0, negative
243,3.0,1.0,5.0,3.0,5.0,3.0,2.0,4.0,1.0,1.0,3.0,1.0,1.0,3.0,0.0,0.0,3.0,3.0, negative
244,5.0,2.0,5.0,4.0,5.0,2.0,3.0,3.0,3.0,2.0,4.0,3.0,1.0,3.0,1.0,4.0,7.0,6.0, negative
245,4.0,0.0,3.0,3.0,5.0,2.0,1.0,5.0,0.0,1.0,2.0,1.0,0.0,1.0,2.0,3.0,6.0,6.0, negative
246,3.0,0.0,3.0,1.0,3.0,2.0,0.0,8.0,0.0,0.0,1.0,0.0,0.0,2.0,2.0,6.0,6.0,6.0, negative
247,8.0,8.0,8.0,4.0,2.0,4.0,7.0,1.0,7.0,7.0,6.0,7.0,5.0,3.0,6.0,1.0,4.0,5.0, negative
248,3.0,3.0,4.0,2.0,3.0,2.0,2.0,5.0,1.0,2.0,2.0,1.0,3.0,3.0,6.0,6.0,4.0,5.0, negative
249,7.0,8.0,8.0,3.0,0.0,1.0,8.0,0.0,9.0,6.0,8.0,8.0,8.0,6.0,1.0,2.0,1.0,0.0, negative
250,3.0,2.0,6.0,3.0,5.0,3.0,3.0,4.0,2.0,2.0,3.0,2.0,2.0,3.0,2.0,1.0,3.0,3.0, negative
251,2.0,0.0,0.0,0.0,4.0,0.0,0.0,9.0,0.0,0.0,0.0,0.0,0.0,6.0,5.0,5.0,1.0,0.0, negative
252,6.0,8.0,8.0,6.0,5.0,5.0,7.0,1.0,7.0,8.0,6.0,7.0,5.0,4.0,0.0,2.0,3.0,5.0, negative
253,7.0,7.0,9.0,6.0,6.0,5.0,7.0,1.0,7.0,7.0,6.0,7.0,5.0,4.0,9.0,9.0,4.0,7.0, negative
254,3.0,7.0,8.0,6.0,5.0,3.0,5.0,2.0,4.0,6.0,5.0,4.0,8.0,3.0,1.0,0.0,4.0,5.0, negative
255,2.0,3.0,3.0,0.0,3.0,2.0,2.0,5.0,1.0,3.0,2.0,1.0,2.0,6.0,4.0,1.0,1.0,0.0, negative
256,7.0,7.0,8.0,7.0,6.0,4.0,5.0,1.0,5.0,6.0,5.0,5.0,5.0,2.0,7.0,0.0,6.0,8.0, negative
257,2.0,1.0,3.0,1.0,3.0,2.0,0.0,8.0,0.0,1.0,0.0,0.0,1.0,1.0,9.0,1.0,6.0,6.0, negative
258,2.0,3.0,3.0,0.0,2.0,3.0,2.0,5.0,1.0,3.0,2.0,1.0,3.0,6.0,1.0,3.0,0.0,0.0, negative
259,6.0,6.0,8.0,7.0,6.0,3.0,5.0,2.0,4.0,6.0,5.0,4.0,4.0,1.0,2.0,1.0,7.0,7.0, negative
260,5.0,3.0,6.0,5.0,5.0,3.0,4.0,3.0,3.0,3.0,3.0,3.0,2.0,1.0,0.0,1.0,6.0,7.0, negative
261,3.0,1.0,5.0,4.0,4.0,3.0,2.0,4.0,2.0,1.0,2.0,2.0,0.0,0.0,1.0,4.0,8.0,9.0, negative
262,3.0,2.0,4.0,3.0,6.0,2.0,2.0,5.0,1.0,2.0,2.0,1.0,1.0,3.0,1.0,2.0,5.0,4.0, negative
263,5.0,8.0,8.0,6.0,6.0,4.0,5.0,1.0,5.0,6.0,6.0,5.0,8.0,3.0,1.0,2.0,3.0,4.0, negative
264,8.0,4.0,8.0,6.0,5.0,3.0,5.0,2.0,4.0,4.0,4.0,4.0,2.0,2.0,4.0,1.0,5.0,7.0, negative
265,1.0,3.0,4.0,3.0,6.0,2.0,2.0,5.0,1.0,2.0,2.0,1.0,2.0,3.0,2.0,4.0,3.0,4.0, negative
266,5.0,4.0,5.0,3.0,5.0,2.0,2.0,4.0,2.0,4.0,3.0,2.0,4.0,3.0,5.0,2.0,4.0,4.0, negative
267,7.0,5.0,7.0,6.0,6.0,3.0,5.0,1.0,5.0,4.0,5.0,5.0,4.0,3.0,1.0,3.0,4.0,5.0, negative
268,2.0,5.0,4.0,3.0,6.0,2.0,2.0,4.0,1.0,3.0,2.0,2.0,4.0,4.0,3.0,0.0,3.0,4.0, negative
269,3.0,2.0,4.0,4.0,6.0,2.0,2.0,5.0,1.0,2.0,2.0,1.0,2.0,3.0,0.0,4.0,6.0,6.0, negative
270,0.0,2.0,4.0,1.0,3.0,3.0,1.0,6.0,1.0,2.0,2.0,1.0,1.0,4.0,3.0,5.0,1.0,2.0, negative
271,5.0,3.0,8.0,5.0,5.0,3.0,4.0,2.0,4.0,2.0,4.0,4.0,3.0,2.0,3.0,9.0,5.0,8.0, negative
272,6.0,8.0,9.0,8.0,7.0,5.0,6.0,1.0,6.0,7.0,6.0,6.0,7.0,2.0,1.0,5.0,4.0,6.0, negative
273,3.0,3.0,5.0,5.0,7.0,2.0,2.0,4.0,1.0,2.0,3.0,2.0,2.0,4.0,3.0,2.0,4.0,4.0, negative
274,2.0,4.0,4.0,0.0,3.0,2.0,2.0,5.0,1.0,3.0,2.0,1.0,4.0,5.0,3.0,0.0,1.0,0.0, negative
275,7.0,9.0,9.0,4.0,2.0,3.0,9.0,0.0,9.0,7.0,9.0,9.0,7.0,5.0,0.0,4.0,1.0,0.0, negative
276,7.0,6.0,8.0,5.0,4.0,4.0,6.0,1.0,6.0,6.0,6.0,6.0,6.0,3.0,0.0,0.0,3.0,5.0, negative
277,2.0,3.0,4.0,4.0,7.0,2.0,2.0,5.0,1.0,3.0,3.0,1.0,3.0,4.0,2.0,2.0,2.0,1.0, negative
278,5.0,1.0,4.0,6.0,7.0,2.0,3.0,3.0,2.0,1.0,3.0,2.0,0.0,3.0,2.0,4.0,7.0,7.0, negative
279,6.0,8.0,8.0,4.0,3.0,4.0,7.0,1.0,6.0,8.0,6.0,6.0,7.0,3.0,0.0,7.0,3.0,5.0, negative
280,5.0,4.0,7.0,6.0,6.0,3.0,4.0,2.0,4.0,3.0,5.0,4.0,3.0,3.0,6.0,2.0,4.0,5.0, negative
281,2.0,3.0,4.0,3.0,6.0,2.0,2.0,5.0,1.0,2.0,2.0,1.0,2.0,4.0,1.0,1.0,4.0,4.0, negative
282,2.0,1.0,5.0,2.0,3.0,2.0,2.0,4.0,1.0,1.0,3.0,1.0,1.0,3.0,6.0,3.0,3.0,3.0, negative
283,4.0,2.0,3.0,2.0,4.0,2.0,0.0,7.0,0.0,2.0,1.0,0.0,2.0,1.0,4.0,1.0,7.0,7.0, negative
284,2.0,4.0,5.0,3.0,5.0,2.0,2.0,5.0,1.0,3.0,3.0,1.0,3.0,4.0,6.0,3.0,2.0,2.0, negative
285,5.0,3.0,4.0,4.0,6.0,2.0,2.0,4.0,1.0,3.0,2.0,2.0,3.0,2.0,5.0,0.0,7.0,7.0, negative
286,0.0,1.0,3.0,1.0,5.0,1.0,1.0,7.0,0.0,1.0,0.0,0.0,1.0,5.0,5.0,5.0,2.0,1.0, negative
287,2.0,2.0,3.0,1.0,4.0,1.0,1.0,6.0,0.0,2.0,1.0,0.0,3.0,3.0,4.0,0.0,3.0,3.0, negative
288,3.0,1.0,5.0,3.0,4.0,2.0,2.0,4.0,1.0,0.0,3.0,2.0,0.0,2.0,3.0,3.0,6.0,6.0, negative
289,3.0,3.0,4.0,2.0,5.0,2.0,2.0,5.0,1.0,3.0,2.0,1.0,2.0,4.0,0.0,1.0,3.0,2.0, negative
290,2.0,4.0,4.0,4.0,7.0,2.0,2.0,5.0,1.0,3.0,2.0,1.0,4.0,3.0,4.0,1.0,3.0,3.0, negative
291,3.0,2.0,6.0,5.0,7.0,3.0,3.0,3.0,2.0,2.0,4.0,2.0,2.0,4.0,1.0,5.0,3.0,3.0, negative
292,2.0,3.0,3.0,0.0,3.0,2.0,2.0,5.0,1.0,3.0,2.0,1.0,3.0,6.0,0.0,0.0,0.0,0.0, negative
293,7.0,8.0,9.0,5.0,4.0,4.0,7.0,1.0,7.0,8.0,6.0,7.0,6.0,3.0,5.0,5.0,4.0,6.0, negative
294,4.0,3.0,4.0,4.0,5.0,3.0,2.0,5.0,1.0,3.0,2.0,1.0,2.0,1.0,9.0,2.0,9.0,9.0, negative
295,2.0,1.0,6.0,4.0,5.0,3.0,3.0,3.0,3.0,2.0,3.0,3.0,1.0,2.0,0.0,6.0,4.0,5.0, negative
296,5.0,8.0,8.0,6.0,5.0,3.0,5.0,1.0,5.0,6.0,5.0,5.0,8.0,3.0,0.0,1.0,4.0,5.0, negative
297,5.0,4.0,8.0,7.0,6.0,3.0,5.0,2.0,4.0,4.0,4.0,4.0,3.0,2.0,0.0,7.0,4.0,6.0, negative
298,9.0,7.0,8.0,6.0,6.0,4.0,7.0,1.0,7.0,6.0,6.0,7.0,6.0,3.0,9.0,2.0,4.0,5.0, negative
299,2.0,3.0,3.0,1.0,3.0,2.0,2.0,5.0,1.0,3.0,2.0,1.0,3.0,6.0,0.0,1.0,1.0,0.0, negative
300,3.0,2.0,6.0,4.0,5.0,3.0,4.0,3.0,3.0,1.0,4.0,3.0,2.0,3.0,4.0,3.0,4.0,4.0, negative
301,3.0,1.0,4.0,2.0,4.0,2.0,1.0,6.0,0.0,0.0,2.0,0.0,0.0,3.0,0.0,0.0,3.0,3.0, negative
302,8.0,8.0,8.0,8.0,6.0,1.0,9.0,0.0,9.0,7.0,9.0,9.0,8.0,6.0,1.0,1.0,2.0,0.0, negative
303,1.0,4.0,3.0,9.0,9.0,7.0,2.0,5.0,1.0,3.0,6.0,1.0,4.0,7.0,0.0,0.0,1.0,1.0, negative
304,7.0,7.0,9.0,7.0,5.0,3.0,5.0,1.0,5.0,6.0,5.0,5.0,5.0,2.0,4.0,4.0,5.0,6.0, negative
305,4.0,4.0,9.0,6.0,6.0,4.0,4.0,2.0,4.0,4.0,4.0,4.0,2.0,1.0,3.0,7.0,7.0,9.0, negative
306,6.0,8.0,8.0,5.0,5.0,4.0,7.0,1.0,6.0,8.0,5.0,6.0,6.0,4.0,6.0,2.0,3.0,4.0, negative
307,8.0,7.0,9.0,8.0,6.0,4.0,6.0,1.0,6.0,6.0,5.0,6.0,6.0,2.0,2.0,3.0,4.0,7.0, negative
308,3.0,3.0,5.0,2.0,4.0,3.0,1.0,5.0,0.0,3.0,2.0,1.0,2.0,1.0,4.0,2.0,7.0,7.0, negative
309,3.0,4.0,4.0,3.0,6.0,2.0,2.0,5.0,1.0,4.0,2.0,1.0,3.0,3.0,4.0,0.0,4.0,5.0, negative
310,1.0,4.0,4.0,2.0,6.0,2.0,2.0,5.0,1.0,3.0,3.0,1.0,4.0,5.0,0.0,3.0,2.0,1.0, negative
311,4.0,7.0,9.0,7.0,6.0,3.0,5.0,1.0,5.0,6.0,5.0,5.0,7.0,2.0,5.0,4.0,5.0,6.0, negative
312,3.0,0.0,1.0,0.0,4.0,1.0,0.0,8.0,0.0,0.0,0.0,0.0,0.0,5.0,2.0,3.0,1.0,0.0, negative
313,6.0,7.0,9.0,6.0,5.0,4.0,7.0,1.0,6.0,7.0,5.0,7.0,5.0,2.0,0.0,4.0,4.0,7.0, negative
314,4.0,6.0,5.0,6.0,7.0,1.0,4.0,3.0,3.0,5.0,4.0,3.0,5.0,3.0,2.0,0.0,6.0,5.0, negative
315,6.0,9.0,8.0,7.0,7.0,4.0,7.0,1.0,7.0,8.0,6.0,7.0,6.0,4.0,1.0,0.0,3.0,4.0, negative
316,1.0,4.0,3.0,0.0,3.0,2.0,2.0,5.0,1.0,4.0,2.0,1.0,4.0,5.0,1.0,0.0,0.0,0.0, negative
317,6.0,5.0,7.0,8.0,7.0,4.0,6.0,1.0,5.0,4.0,6.0,5.0,5.0,3.0,0.0,3.0,3.0,4.0, negative
318,6.0,3.0,7.0,6.0,6.0,4.0,4.0,2.0,4.0,3.0,4.0,4.0,1.0,2.0,3.0,2.0,6.0,7.0, negative
319,7.0,8.0,8.0,4.0,1.0,2.0,9.0,0.0,9.0,7.0,8.0,8.0,8.0,5.0,2.0,7.0,0.0,1.0, negative
320,4.0,4.0,6.0,3.0,4.0,2.0,3.0,4.0,2.0,4.0,3.0,2.0,4.0,3.0,4.0,1.0,3.0,3.0, negative
321,2.0,3.0,3.0,1.0,4.0,2.0,2.0,5.0,1.0,3.0,2.0,1.0,3.0,6.0,1.0,2.0,1.0,0.0, negative
322,6.0,8.0,7.0,5.0,4.0,4.0,7.0,1.0,7.0,7.0,6.0,7.0,6.0,4.0,2.0,2.0,3.0,4.0, negative
323,3.0,3.0,5.0,2.0,3.0,2.0,1.0,6.0,0.0,2.0,1.0,0.0,2.0,2.0,0.0,0.0,5.0,5.0, negative
324,9.0,7.0,9.0,8.0,6.0,5.0,6.0,1.0,6.0,6.0,6.0,6.0,6.0,2.0,9.0,6.0,5.0,7.0, negative
325,6.0,8.0,9.0,7.0,6.0,4.0,6.0,1.0,5.0,7.0,5.0,5.0,6.0,3.0,4.0,4.0,4.0,4.0, negative
326,7.0,7.0,8.0,7.0,6.0,4.0,5.0,1.0,5.0,5.0,5.0,5.0,5.0,2.0,0.0,0.0,5.0,7.0, negative
327,6.0,4.0,6.0,6.0,6.0,1.0,5.0,1.0,4.0,3.0,6.0,4.0,3.0,5.0,0.0,6.0,5.0,3.0, negative
328,5.0,9.0,8.0,6.0,6.0,5.0,7.0,1.0,7.0,9.0,6.0,7.0,6.0,3.0,2.0,0.0,2.0,4.0, negative
329,4.0,3.0,3.0,4.0,7.0,2.0,2.0,4.0,1.0,3.0,2.0,1.0,4.0,2.0,4.0,0.0,7.0,8.0, negative
330,1.0,4.0,4.0,3.0,7.0,2.0,2.0,5.0,1.0,4.0,2.0,1.0,5.0,5.0,1.0,2.0,1.0,1.0, negative
331,4.0,4.0,3.0,5.0,7.0,2.0,2.0,4.0,1.0,3.0,3.0,2.0,3.0,2.0,2.0,1.0,8.0,8.0, negative
332,1.0,4.0,3.0,4.0,7.0,2.0,2.0,5.0,1.0,3.0,2.0,1.0,4.0,4.0,3.0,0.0,2.0,2.0, negative
333,8.0,6.0,9.0,6.0,4.0,4.0,6.0,1.0,6.0,5.0,5.0,5.0,4.0,2.0,6.0,5.0,4.0,6.0, negative
334,2.0,1.0,2.0,1.0,4.0,1.0,1.0,6.0,0.0,1.0,1.0,0.0,1.0,4.0,3.0,0.0,2.0,2.0, negative
335,0.0,1.0,1.0,0.0,3.0,2.0,0.0,8.0,0.0,1.0,0.0,0.0,2.0,5.0,0.0,3.0,0.0,0.0, negative
336,3.0,2.0,6.0,4.0,5.0,3.0,3.0,3.0,3.0,2.0,4.0,3.0,2.0,3.0,0.0,2.0,3.0,4.0, negative
337,4.0,1.0,5.0,4.0,6.0,3.0,2.0,4.0,1.0,1.0,3.0,1.0,1.0,3.0,2.0,2.0,4.0,4.0, negative
338,5.0,4.0,7.0,5.0,6.0,3.0,4.0,2.0,4.0,3.0,4.0,4.0,3.0,2.0,1.0,1.0,4.0,5.0, negative
339,7.0,5.0,9.0,7.0,5.0,4.0,6.0,1.0,5.0,5.0,5.0,5.0,3.0,2.0,4.0,7.0,6.0,8.0, negative
340,2.0,1.0,4.0,1.0,3.0,2.0,1.0,6.0,0.0,0.0,2.0,1.0,1.0,3.0,1.0,8.0,4.0,4.0, negative
341,2.0,1.0,5.0,2.0,3.0,2.0,2.0,5.0,1.0,1.0,2.0,1.0,1.0,1.0,4.0,5.0,6.0,7.0, negative
342,5.0,4.0,6.0,5.0,6.0,2.0,5.0,2.0,4.0,4.0,5.0,4.0,3.0,4.0,0.0,6.0,5.0,5.0, negative
343,3.0,3.0,5.0,5.0,7.0,1.0,3.0,3.0,2.0,2.0,3.0,3.0,2.0,2.0,1.0,5.0,7.0,7.0, negative
344,4.0,1.0,6.0,4.0,5.0,2.0,3.0,4.0,2.0,1.0,3.0,2.0,1.0,2.0,4.0,5.0,4.0,4.0, negative
345,2.0,4.0,5.0,2.0,5.0,1.0,2.0,5.0,1.0,3.0,2.0,1.0,4.0,4.0,3.0,0.0,2.0,1.0, negative
346,2.0,1.0,6.0,4.0,5.0,3.0,3.0,3.0,2.0,1.0,3.0,3.0,2.0,2.0,3.0,8.0,5.0,6.0, negative
347,3.0,0.0,3.0,3.0,5.0,2.0,2.0,5.0,1.0,1.0,2.0,1.0,0.0,1.0,0.0,0.0,6.0,7.0, negative
348,2.0,3.0,3.0,2.0,5.0,1.0,2.0,5.0,1.0,2.0,2.0,1.0,3.0,5.0,2.0,1.0,1.0,1.0, negative
349,2.0,2.0,4.0,2.0,5.0,2.0,1.0,5.0,0.0,2.0,2.0,1.0,1.0,3.0,0.0,0.0,5.0,5.0, negative
350,5.0,9.0,9.0,8.0,7.0,4.0,7.0,1.0,7.0,9.0,6.0,7.0,6.0,3.0,4.0,6.0,3.0,5.0, negative
351,6.0,3.0,2.0,4.0,6.0,2.0,2.0,4.0,1.0,2.0,2.0,1.0,3.0,2.0,3.0,2.0,8.0,9.0, negative
352,2.0,3.0,3.0,0.0,3.0,2.0,2.0,5.0,1.0,3.0,2.0,1.0,3.0,5.0,1.0,3.0,1.0,0.0, negative
353,4.0,6.0,7.0,6.0,7.0,3.0,4.0,2.0,4.0,5.0,5.0,4.0,7.0,3.0,2.0,0.0,4.0,4.0, negative
354,2.0,2.0,3.0,1.0,5.0,1.0,1.0,6.0,0.0,2.0,2.0,0.0,2.0,4.0,2.0,3.0,3.0,2.0, negative
355,1.0,4.0,3.0,1.0,5.0,3.0,2.0,5.0,1.0,3.0,2.0,1.0,3.0,5.0,3.0,2.0,1.0,1.0, negative
356,1.0,4.0,3.0,2.0,6.0,2.0,2.0,5.0,1.0,3.0,2.0,1.0,4.0,5.0,0.0,0.0,1.0,0.0, negative
357,5.0,7.0,9.0,5.0,5.0,4.0,6.0,1.0,6.0,6.0,5.0,5.0,5.0,3.0,0.0,5.0,3.0,5.0, negative
358,4.0,4.0,5.0,4.0,4.0,3.0,3.0,3.0,2.0,4.0,3.0,2.0,3.0,0.0,3.0,2.0,7.0,8.0, negative
359,3.0,3.0,5.0,2.0,5.0,2.0,2.0,5.0,1.0,2.0,2.0,1.0,3.0,4.0,7.0,3.0,2.0,2.0, negative
360,8.0,5.0,8.0,6.0,5.0,3.0,5.0,1.0,5.0,4.0,5.0,5.0,4.0,1.0,7.0,7.0,5.0,7.0, negative
361,2.0,3.0,3.0,1.0,4.0,3.0,2.0,5.0,1.0,3.0,2.0,1.0,3.0,6.0,2.0,0.0,1.0,0.0, negative
362,5.0,4.0,4.0,5.0,7.0,1.0,3.0,3.0,2.0,3.0,3.0,2.0,4.0,3.0,3.0,1.0,6.0,7.0, negative
363,6.0,9.0,8.0,7.0,7.0,5.0,7.0,1.0,7.0,8.0,5.0,7.0,6.0,3.0,4.0,2.0,3.0,4.0, negative
364,7.0,9.0,8.0,5.0,3.0,2.0,8.0,0.0,8.0,7.0,7.0,8.0,7.0,4.0,3.0,2.0,3.0,1.0, negative
365,2.0,4.0,3.0,0.0,4.0,2.0,2.0,5.0,1.0,3.0,2.0,1.0,3.0,6.0,1.0,2.0,0.0,0.0, negative
366,6.0,4.0,8.0,5.0,5.0,3.0,5.0,2.0,4.0,4.0,4.0,4.0,2.0,2.0,2.0,2.0,5.0,6.0, negative
367,1.0,1.0,3.0,1.0,5.0,3.0,1.0,7.0,0.0,0.0,1.0,0.0,1.0,4.0,0.0,5.0,0.0,2.0, negative
368,4.0,6.0,5.0,4.0,6.0,2.0,3.0,3.0,3.0,5.0,3.0,3.0,5.0,3.0,2.0,2.0,6.0,6.0, negative
369,6.0,7.0,8.0,5.0,5.0,3.0,5.0,1.0,5.0,5.0,5.0,5.0,7.0,3.0,4.0,2.0,4.0,5.0, negative
370,3.0,3.0,5.0,2.0,3.0,3.0,2.0,5.0,1.0,3.0,2.0,1.0,3.0,1.0,5.0,1.0,5.0,6.0, negative
371,3.0,1.0,5.0,3.0,4.0,2.0,3.0,4.0,2.0,1.0,3.0,2.0,1.0,2.0,0.0,2.0,5.0,5.0, negative
372,0.0,1.0,2.0,1.0,4.0,1.0,1.0,7.0,0.0,1.0,1.0,0.0,1.0,6.0,0.0,5.0,0.0,0.0, negative
373,8.0,6.0,9.0,5.0,4.0,4.0,6.0,1.0,6.0,5.0,6.0,6.0,5.0,3.0,8.0,6.0,4.0,6.0, negative
374,4.0,4.0,5.0,4.0,5.0,3.0,3.0,3.0,2.0,4.0,3.0,3.0,5.0,2.0,5.0,3.0,4.0,5.0, negative
375,2.0,2.0,7.0,4.0,5.0,2.0,4.0,3.0,3.0,1.0,4.0,3.0,1.0,3.0,1.0,9.0,4.0,5.0, negative
376,4.0,1.0,6.0,3.0,3.0,3.0,3.0,3.0,2.0,1.0,4.0,3.0,2.0,3.0,4.0,3.0,4.0,4.0, negative
377,7.0,7.0,8.0,6.0,6.0,4.0,7.0,1.0,7.0,7.0,6.0,7.0,6.0,4.0,4.0,2.0,3.0,5.0, negative
378,1.0,2.0,2.0,0.0,4.0,2.0,1.0,6.0,0.0,1.0,1.0,0.0,1.0,5.0,0.0,1.0,0.0,1.0, negative
379,4.0,3.0,5.0,3.0,5.0,2.0,2.0,5.0,1.0,3.0,3.0,1.0,3.0,2.0,6.0,0.0,5.0,5.0, negative
380,7.0,9.0,9.0,8.0,6.0,2.0,9.0,0.0,9.0,7.0,9.0,9.0,9.0,6.0,4.0,7.0,1.0,0.0, negative
381,2.0,3.0,3.0,0.0,3.0,2.0,2.0,5.0,1.0,3.0,2.0,1.0,3.0,6.0,2.0,0.0,0.0,0.0, negative
382,3.0,5.0,6.0,4.0,5.0,3.0,3.0,3.0,2.0,4.0,3.0,2.0,4.0,3.0,3.0,2.0,3.0,3.0, negative
383,6.0,6.0,9.0,7.0,6.0,4.0,6.0,1.0,6.0,6.0,5.0,6.0,7.0,4.0,2.0,5.0,3.0,4.0, negative
384,6.0,8.0,7.0,4.0,4.0,4.0,7.0,1.0,7.0,7.0,5.0,7.0,5.0,3.0,0.0,7.0,3.0,5.0, negative
385,3.0,4.0,4.0,3.0,6.0,2.0,1.0,5.0,0.0,3.0,2.0,1.0,3.0,2.0,4.0,2.0,5.0,5.0, negative
386,3.0,2.0,6.0,3.0,5.0,2.0,3.0,4.0,2.0,1.0,3.0,2.0,2.0,3.0,3.0,3.0,3.0,3.0, negative
387,6.0,6.0,8.0,5.0,5.0,4.0,5.0,2.0,4.0,6.0,5.0,4.0,6.0,2.0,0.0,2.0,5.0,6.0, negative
388,4.0,4.0,4.0,5.0,7.0,3.0,2.0,4.0,1.0,3.0,2.0,2.0,4.0,2.0,3.0,0.0,7.0,8.0, negative
389,7.0,8.0,7.0,5.0,4.0,2.0,8.0,0.0,8.0,7.0,8.0,8.0,8.0,6.0,3.0,2.0,2.0,0.0, negative
390,6.0,7.0,9.0,4.0,3.0,4.0,7.0,1.0,7.0,6.0,6.0,7.0,6.0,4.0,4.0,6.0,3.0,5.0, negative
391,3.0,1.0,4.0,2.0,4.0,2.0,1.0,6.0,0.0,0.0,1.0,0.0,0.0,2.0,1.0,8.0,5.0,7.0, negative
392,3.0,4.0,4.0,4.0,6.0,2.0,2.0,4.0,1.0,4.0,3.0,1.0,5.0,3.0,2.0,2.0,4.0,4.0, negative
393,6.0,7.0,8.0,4.0,2.0,2.0,8.0,0.0,8.0,5.0,7.0,8.0,8.0,5.0,1.0,5.0,2.0,0.0, negative
394,6.0,8.0,9.0,7.0,6.0,4.0,6.0,1.0,6.0,6.0,6.0,5.0,8.0,3.0,0.0,6.0,4.0,6.0, negative
395,6.0,6.0,7.0,5.0,5.0,2.0,7.0,1.0,7.0,6.0,7.0,7.0,6.0,5.0,3.0,1.0,3.0,1.0, negative
396,2.0,1.0,4.0,1.0,3.0,2.0,2.0,5.0,1.0,1.0,2.0,1.0,1.0,4.0,3.0,6.0,2.0,2.0, negative
397,3.0,1.0,3.0,1.0,4.0,1.0,0.0,8.0,0.0,1.0,0.0,0.0,1.0,4.0,6.0,4.0,2.0,2.0, negative
398,3.0,4.0,3.0,0.0,2.0,2.0,2.0,5.0,1.0,4.0,2.0,1.0,4.0,6.0,2.0,1.0,0.0,0.0, negative
399,4.0,0.0,4.0,4.0,5.0,2.0,2.0,5.0,1.0,0.0,2.0,1.0,0.0,1.0,2.0,7.0,8.0,9.0, negative
400,3.0,1.0,6.0,3.0,5.0,3.0,1.0,5.0,1.0,1.0,2.0,1.0,1.0,1.0,0.0,7.0,5.0,6.0, negative
401,7.0,6.0,8.0,6.0,5.0,4.0,6.0,1.0,6.0,5.0,5.0,6.0,4.0,2.0,3.0,0.0,4.0,6.0, negative
402,4.0,4.0,9.0,6.0,6.0,3.0,5.0,2.0,4.0,4.0,4.0,4.0,3.0,2.0,0.0,6.0,4.0,6.0, negative
403,1.0,4.0,3.0,2.0,5.0,3.0,2.0,5.0,1.0,3.0,2.0,1.0,4.0,4.0,0.0,0.0,2.0,3.0, negative
404,6.0,6.0,8.0,5.0,5.0,4.0,4.0,2.0,4.0,5.0,4.0,4.0,4.0,1.0,5.0,1.0,7.0,8.0, negative
405,2.0,3.0,4.0,0.0,3.0,2.0,2.0,5.0,1.0,3.0,2.0,1.0,4.0,6.0,1.0,1.0,1.0,0.0, negative
406,7.0,6.0,9.0,7.0,6.0,3.0,6.0,1.0,6.0,5.0,6.0,5.0,4.0,2.0,0.0,5.0,4.0,6.0, negative
407,0.0,1.0,4.0,2.0,5.0,2.0,2.0,5.0,1.0,1.0,2.0,1.0,1.0,5.0,7.0,4.0,1.0,1.0, negative
408,5.0,8.0,7.0,4.0,3.0,4.0,7.0,1.0,6.0,8.0,5.0,6.0,6.0,4.0,0.0,0.0,2.0,3.0, negative
409,7.0,6.0,7.0,6.0,5.0,4.0,4.0,2.0,3.0,5.0,4.0,3.0,4.0,1.0,8.0,3.0,8.0,9.0, negative
410,5.0,4.0,5.0,5.0,5.0,3.0,3.0,3.0,2.0,5.0,3.0,2.0,3.0,1.0,5.0,2.0,7.0,8.0, negative
411,6.0,8.0,7.0,4.0,4.0,3.0,7.0,1.0,7.0,8.0,6.0,7.0,6.0,4.0,1.0,1.0,3.0,4.0, negative
412,7.0,8.0,8.0,7.0,6.0,4.0,7.0,1.0,7.0,7.0,5.0,7.0,6.0,3.0,4.0,1.0,3.0,5.0, negative
413,6.0,5.0,8.0,6.0,5.0,5.0,5.0,1.0,5.0,5.0,5.0,5.0,3.0,2.0,3.0,5.0,5.0,6.0, negative
414,6.0,8.0,8.0,5.0,5.0,4.0,6.0,1.0,6.0,8.0,5.0,6.0,6.0,4.0,4.0,3.0,3.0,4.0, negative
415,2.0,3.0,4.0,2.0,5.0,2.0,2.0,5.0,1.0,3.0,3.0,1.0,2.0,5.0,2.0,2.0,2.0,2.0, negative
416,2.0,4.0,3.0,1.0,4.0,3.0,2.0,5.0,1.0,3.0,2.0,1.0,4.0,5.0,0.0,2.0,0.0,0.0, negative
417,6.0,8.0,9.0,5.0,4.0,2.0,8.0,0.0,8.0,6.0,7.0,8.0,9.0,5.0,2.0,3.0,2.0,1.0, negative
418,1.0,4.0,4.0,3.0,7.0,1.0,1.0,5.0,0.0,3.0,2.0,1.0,3.0,3.0,3.0,1.0,3.0,3.0, negative
419,6.0,7.0,8.0,6.0,5.0,4.0,5.0,1.0,5.0,6.0,4.0,5.0,5.0,1.0,0.0,1.0,6.0,7.0, negative
420,6.0,8.0,9.0,7.0,6.0,4.0,7.0,1.0,6.0,8.0,6.0,7.0,7.0,3.0,1.0,2.0,3.0,5.0, negative
421,5.0,5.0,7.0,6.0,6.0,3.0,4.0,2.0,3.0,5.0,4.0,3.0,4.0,1.0,9.0,2.0,7.0,7.0, negative
422,4.0,4.0,9.0,7.0,6.0,3.0,5.0,1.0,5.0,4.0,5.0,5.0,5.0,3.0,2.0,9.0,4.0,6.0, negative
423,7.0,8.0,9.0,8.0,7.0,4.0,7.0,1.0,7.0,7.0,6.0,7.0,6.0,3.0,8.0,2.0,4.0,4.0, negative
424,1.0,4.0,3.0,2.0,5.0,2.0,2.0,5.0,1.0,3.0,2.0,1.0,4.0,4.0,2.0,0.0,2.0,3.0, negative
425,5.0,4.0,9.0,6.0,6.0,4.0,5.0,2.0,5.0,4.0,5.0,4.0,2.0,2.0,0.0,8.0,5.0,7.0, negative
426,3.0,2.0,4.0,3.0,6.0,2.0,2.0,5.0,1.0,2.0,2.0,1.0,1.0,3.0,2.0,3.0,5.0,6.0, negative
427,2.0,3.0,3.0,0.0,3.0,2.0,2.0,5.0,1.0,3.0,2.0,1.0,3.0,6.0,2.0,3.0,1.0,0.0, negative
428,7.0,7.0,8.0,5.0,5.0,4.0,6.0,1.0,6.0,7.0,6.0,6.0,6.0,4.0,3.0,5.0,3.0,5.0, negative
429,2.0,1.0,3.0,1.0,4.0,3.0,1.0,7.0,0.0,1.0,1.0,0.0,1.0,4.0,2.0,6.0,2.0,1.0, negative
430,7.0,7.0,9.0,6.0,5.0,5.0,6.0,1.0,6.0,6.0,5.0,6.0,6.0,2.0,4.0,1.0,4.0,5.0, negative
431,5.0,6.0,8.0,6.0,6.0,2.0,7.0,1.0,6.0,5.0,6.0,7.0,6.0,4.0,3.0,1.0,4.0,2.0, negative
432,2.0,2.0,4.0,2.0,4.0,2.0,2.0,5.0,1.0,2.0,2.0,1.0,1.0,3.0,0.0,8.0,3.0,4.0, negative
433,2.0,3.0,4.0,0.0,3.0,3.0,2.0,5.0,1.0,3.0,2.0,1.0,3.0,5.0,0.0,2.0,1.0,0.0, negative
434,3.0,4.0,4.0,3.0,4.0,2.0,2.0,5.0,1.0,3.0,2.0,1.0,4.0,2.0,7.0,0.0,5.0,5.0, negative
435,6.0,6.0,9.0,5.0,4.0,4.0,6.0,1.0,6.0,6.0,5.0,6.0,4.0,2.0,3.0,5.0,4.0,6.0, negative
436,5.0,7.0,9.0,7.0,6.0,4.0,6.0,1.0,5.0,6.0,5.0,5.0,7.0,2.0,0.0,1.0,4.0,6.0, negative
437,6.0,8.0,9.0,7.0,6.0,5.0,7.0,1.0,7.0,8.0,5.0,7.0,5.0,2.0,0.0,4.0,4.0,6.0, negative
438,2.0,3.0,3.0,2.0,5.0,2.0,2.0,5.0,1.0,3.0,3.0,1.0,3.0,4.0,1.0,2.0,3.0,3.0, negative
439,1.0,3.0,3.0,1.0,3.0,3.0,2.0,5.0,1.0,3.0,2.0,1.0,3.0,6.0,3.0,1.0,0.0,0.0, negative
440,1.0,1.0,1.0,1.0,5.0,1.0,1.0,7.0,0.0,1.0,1.0,0.0,1.0,6.0,0.0,0.0,0.0,0.0, negative
441,6.0,8.0,8.0,4.0,3.0,4.0,6.0,1.0,6.0,8.0,5.0,6.0,7.0,4.0,0.0,0.0,2.0,3.0, negative
442,3.0,2.0,6.0,4.0,5.0,2.0,3.0,3.0,2.0,1.0,3.0,3.0,1.0,2.0,0.0,5.0,5.0,5.0, negative
443,7.0,8.0,8.0,7.0,6.0,4.0,6.0,1.0,6.0,7.0,6.0,6.0,6.0,3.0,0.0,5.0,3.0,6.0, negative
444,6.0,6.0,9.0,5.0,5.0,4.0,7.0,1.0,6.0,6.0,6.0,6.0,5.0,3.0,6.0,5.0,4.0,6.0, negative
445,3.0,3.0,4.0,3.0,6.0,1.0,2.0,4.0,1.0,2.0,2.0,1.0,2.0,3.0,0.0,0.0,3.0,4.0, negative
446,1.0,1.0,1.0,0.0,3.0,1.0,1.0,6.0,0.0,0.0,1.0,0.0,1.0,6.0,6.0,0.0,1.0,0.0, negative
447,3.0,4.0,5.0,4.0,7.0,2.0,2.0,5.0,1.0,3.0,2.0,1.0,4.0,3.0,5.0,0.0,6.0,6.0, negative
448,6.0,6.0,9.0,6.0,5.0,4.0,5.0,2.0,4.0,6.0,4.0,4.0,5.0,1.0,8.0,0.0,6.0,7.0, negative
449,6.0,8.0,8.0,7.0,7.0,4.0,6.0,1.0,6.0,7.0,6.0,6.0,7.0,4.0,2.0,1.0,3.0,3.0, negative
450,5.0,8.0,9.0,7.0,7.0,3.0,6.0,1.0,6.0,7.0,5.0,6.0,7.0,4.0,0.0,5.0,3.0,4.0, negative
451,7.0,8.0,8.0,7.0,6.0,5.0,7.0,1.0,7.0,8.0,6.0,7.0,5.0,3.0,1.0,0.0,3.0,6.0, negative
452,8.0,9.0,9.0,4.0,2.0,2.0,9.0,0.0,9.0,7.0,9.0,9.0,9.0,5.0,4.0,3.0,1.0,0.0, negative
453,4.0,3.0,8.0,5.0,6.0,3.0,4.0,2.0,4.0,2.0,4.0,4.0,3.0,3.0,4.0,5.0,4.0,5.0, negative
454,5.0,0.0,4.0,5.0,6.0,1.0,2.0,4.0,1.0,0.0,3.0,2.0,0.0,3.0,1.0,5.0,8.0,7.0, negative
455,2.0,4.0,4.0,1.0,4.0,3.0,2.0,5.0,1.0,3.0,2.0,1.0,4.0,5.0,0.0,1.0,1.0,1.0, negative
456,3.0,2.0,5.0,5.0,7.0,2.0,2.0,5.0,1.0,2.0,2.0,1.0,2.0,3.0,1.0,1.0,5.0,5.0, negative
457,2.0,4.0,4.0,2.0,6.0,2.0,2.0,5.0,1.0,3.0,2.0,1.0,4.0,5.0,4.0,0.0,1.0,0.0, negative
458,6.0,8.0,9.0,8.0,7.0,5.0,6.0,1.0,6.0,7.0,6.0,6.0,6.0,3.0,0.0,3.0,3.0,5.0, negative
459,3.0,1.0,4.0,3.0,6.0,2.0,2.0,4.0,1.0,1.0,2.0,1.0,1.0,2.0,0.0,0.0,6.0,7.0, negative
460,4.0,5.0,9.0,7.0,6.0,3.0,6.0,1.0,5.0,4.0,6.0,5.0,5.0,4.0,2.0,2.0,3.0,3.0, negative
461,0.0,5.0,4.0,2.0,5.0,2.0,2.0,4.0,1.0,4.0,2.0,1.0,5.0,4.0,2.0,2.0,2.0,2.0, negative
462,1.0,1.0,2.0,1.0,6.0,2.0,1.0,7.0,0.0,1.0,1.0,0.0,1.0,5.0,4.0,5.0,0.0,1.0, negative
463,5.0,1.0,5.0,4.0,5.0,3.0,3.0,4.0,2.0,1.0,3.0,2.0,0.0,1.0,0.0,6.0,8.0,9.0, negative
464,7.0,7.0,9.0,4.0,4.0,4.0,7.0,1.0,7.0,7.0,6.0,7.0,6.0,3.0,6.0,4.0,4.0,5.0, negative
465,3.0,4.0,4.0,3.0,7.0,2.0,2.0,5.0,1.0,3.0,2.0,1.0,3.0,3.0,1.0,0.0,3.0,3.0, negative
466,6.0,8.0,9.0,8.0,6.0,5.0,7.0,1.0,6.0,8.0,6.0,7.0,7.0,2.0,3.0,5.0,4.0,6.0, negative
467,3.0,1.0,5.0,4.0,5.0,2.0,3.0,4.0,2.0,1.0,3.0,2.0,1.0,2.0,2.0,3.0,5.0,5.0, negative
468,5.0,7.0,9.0,8.0,7.0,5.0,7.0,1.0,7.0,7.0,6.0,7.0,5.0,3.0,1.0,4.0,3.0,6.0, negative
469,3.0,1.0,5.0,3.0,5.0,2.0,1.0,6.0,0.0,0.0,1.0,1.0,0.0,2.0,1.0,8.0,5.0,6.0, negative
470,5.0,3.0,4.0,6.0,7.0,1.0,4.0,2.0,3.0,2.0,4.0,3.0,2.0,3.0,3.0,4.0,6.0,5.0, negative
471,5.0,8.0,8.0,7.0,7.0,4.0,7.0,1.0,7.0,8.0,6.0,7.0,6.0,4.0,2.0,3.0,3.0,4.0, negative
472,2.0,4.0,4.0,6.0,8.0,7.0,2.0,5.0,1.0,3.0,7.0,1.0,4.0,8.0,4.0,2.0,1.0,0.0, negative
473,3.0,5.0,6.0,5.0,6.0,3.0,3.0,3.0,2.0,4.0,3.0,3.0,4.0,1.0,7.0,1.0,6.0,6.0, negative
474,4.0,2.0,6.0,5.0,5.0,3.0,3.0,3.0,3.0,2.0,3.0,3.0,0.0,1.0,1.0,5.0,8.0,9.0, negative
475,2.0,1.0,5.0,2.0,4.0,2.0,1.0,6.0,0.0,0.0,1.0,0.0,2.0,2.0,0.0,6.0,4.0,4.0, negative
476,3.0,1.0,5.0,3.0,5.0,2.0,2.0,5.0,1.0,1.0,2.0,1.0,1.0,3.0,0.0,2.0,3.0,4.0, negative
477,7.0,8.0,7.0,6.0,5.0,5.0,7.0,1.0,6.0,7.0,5.0,6.0,6.0,3.0,0.0,5.0,3.0,5.0, negative
478,3.0,4.0,4.0,2.0,5.0,3.0,1.0,5.0,0.0,3.0,2.0,1.0,3.0,2.0,3.0,1.0,6.0,7.0, negative
479,6.0,8.0,8.0,4.0,4.0,4.0,7.0,1.0,7.0,7.0,5.0,7.0,7.0,3.0,2.0,4.0,3.0,4.0, negative
480,6.0,8.0,8.0,6.0,6.0,4.0,6.0,1.0,6.0,7.0,5.0,6.0,6.0,4.0,6.0,0.0,3.0,4.0, negative
481,6.0,6.0,5.0,6.0,7.0,2.0,5.0,1.0,4.0,5.0,5.0,4.0,4.0,4.0,2.0,4.0,5.0,4.0, negative
482,1.0,3.0,3.0,2.0,5.0,2.0,2.0,5.0,1.0,3.0,2.0,1.0,3.0,5.0,0.0,3.0,1.0,0.0, negative
483,1.0,1.0,1.0,0.0,3.0,1.0,0.0,7.0,0.0,1.0,1.0,0.0,1.0,5.0,1.0,3.0,1.0,0.0, negative
484,7.0,7.0,8.0,5.0,4.0,4.0,6.0,1.0,6.0,6.0,5.0,6.0,4.0,2.0,2.0,1.0,4.0,5.0, negative
485,7.0,7.0,7.0,5.0,4.0,1.0,7.0,0.0,7.0,5.0,8.0,7.0,6.0,5.0,0.0,4.0,3.0,1.0, negative
486,5.0,3.0,7.0,5.0,5.0,3.0,4.0,3.0,3.0,3.0,3.0,3.0,1.0,0.0,1.0,1.0,7.0,8.0, negative
487,7.0,7.0,8.0,4.0,3.0,4.0,7.0,1.0,6.0,7.0,6.0,6.0,6.0,4.0,0.0,2.0,3.0,5.0, negative
488,3.0,4.0,4.0,5.0,7.0,2.0,2.0,4.0,1.0,4.0,3.0,2.0,5.0,3.0,3.0,1.0,5.0,5.0, negative
489,2.0,3.0,3.0,0.0,3.0,1.0,2.0,5.0,1.0,3.0,2.0,1.0,3.0,6.0,3.0,0.0,0.0,0.0, negative
490,4.0,8.0,8.0,3.0,3.0,4.0,6.0,1.0,6.0,8.0,6.0,6.0,6.0,4.0,1.0,1.0,2.0,3.0, negative
491,6.0,7.0,9.0,3.0,3.0,4.0,6.0,1.0,6.0,6.0,6.0,6.0,5.0,4.0,5.0,2.0,3.0,4.0, negative
492,2.0,2.0,5.0,2.0,5.0,3.0,2.0,5.0,1.0,2.0,2.0,1.0,1.0,4.0,0.0,3.0,2.0,3.0, negative
493,3.0,2.0,6.0,4.0,5.0,2.0,3.0,4.0,2.0,1.0,4.0,2.0,2.0,4.0,0.0,5.0,2.0,3.0, negative
494,2.0,3.0,4.0,1.0,4.0,2.0,2.0,5.0,1.0,3.0,3.0,1.0,3.0,5.0,4.0,3.0,1.0,1.0, negative
495,4.0,6.0,7.0,6.0,6.0,3.0,5.0,2.0,4.0,6.0,4.0,4.0,7.0,2.0,5.0,0.0,4.0,5.0, negative
496,3.0,1.0,5.0,4.0,6.0,3.0,2.0,4.0,1.0,0.0,3.0,2.0,1.0,2.0,0.0,4.0,5.0,5.0, negative
497,7.0,6.0,8.0,6.0,5.0,4.0,5.0,2.0,4.0,6.0,4.0,4.0,5.0,1.0,6.0,0.0,6.0,6.0, negative
498,6.0,8.0,9.0,5.0,4.0,4.0,7.0,1.0,7.0,8.0,6.0,7.0,5.0,3.0,0.0,7.0,3.0,6.0, negative
499,2.0,3.0,3.0,0.0,3.0,2.0,2.0,5.0,1.0,3.0,2.0,1.0,3.0,6.0,0.0,1.0,0.0,0.0, negative
500,2.0,2.0,4.0,3.0,6.0,2.0,2.0,5.0,1.0,2.0,2.0,1.0,1.0,3.0,1.0,5.0,6.0,6.0, negative
501,2.0,4.0,3.0,3.0,6.0,2.0,2.0,5.0,1.0,3.0,2.0,1.0,4.0,4.0,0.0,0.0,2.0,2.0, negative
502,2.0,1.0,3.0,1.0,5.0,2.0,0.0,8.0,0.0,1.0,0.0,0.0,1.0,3.0,1.0,1.0,2.0,2.0, negative
503,3.0,4.0,5.0,1.0,3.0,2.0,2.0,5.0,1.0,3.0,2.0,1.0,3.0,2.0,4.0,3.0,3.0,3.0, negative
504,3.0,1.0,5.0,4.0,5.0,3.0,3.0,3.0,2.0,2.0,4.0,2.0,1.0,3.0,0.0,6.0,4.0,5.0, negative
505,3.0,2.0,8.0,5.0,6.0,3.0,4.0,3.0,3.0,2.0,4.0,3.0,3.0,2.0,4.0,8.0,6.0,7.0, negative
506,1.0,1.0,4.0,1.0,4.0,2.0,0.0,7.0,0.0,0.0,1.0,0.0,1.0,3.0,0.0,5.0,2.0,3.0, negative
507,2.0,2.0,4.0,1.0,4.0,2.0,2.0,5.0,1.0,2.0,2.0,1.0,2.0,4.0,3.0,3.0,1.0,1.0, negative
508,4.0,1.0,4.0,4.0,5.0,2.0,3.0,4.0,2.0,2.0,3.0,2.0,0.0,1.0,2.0,1.0,7.0,7.0, negative
509,2.0,2.0,6.0,2.0,4.0,3.0,2.0,4.0,2.0,2.0,3.0,2.0,2.0,4.0,0.0,5.0,2.0,2.0, negative
510,8.0,8.0,9.0,6.0,4.0,1.0,9.0,0.0,9.0,7.0,8.0,9.0,9.0,5.0,4.0,2.0,2.0,0.0, negative
511,4.0,4.0,8.0,6.0,6.0,3.0,5.0,2.0,4.0,3.0,5.0,4.0,5.0,4.0,1.0,4.0,4.0,5.0, negative
512,4.0,3.0,7.0,6.0,6.0,4.0,5.0,2.0,4.0,3.0,5.0,4.0,3.0,3.0,2.0,6.0,4.0,5.0, negative
513,1.0,3.0,4.0,1.0,5.0,2.0,2.0,5.0,1.0,3.0,2.0,1.0,3.0,5.0,2.0,3.0,1.0,0.0, negative
514,6.0,6.0,9.0,6.0,6.0,4.0,6.0,1.0,5.0,5.0,5.0,5.0,6.0,4.0,6.0,2.0,3.0,4.0, negative
515,7.0,6.0,8.0,5.0,4.0,4.0,6.0,1.0,5.0,5.0,5.0,5.0,4.0,2.0,5.0,5.0,5.0,6.0, negative
516,3.0,2.0,6.0,4.0,5.0,3.0,4.0,3.0,3.0,1.0,4.0,3.0,2.0,3.0,0.0,3.0,3.0,3.0, negative
