,0,1,2,3,4,5,6,7,8,9,10,y
0,4.0,0.0,3.0,0.0,1.0,0.0,0.0,0.0,2.0,4.0,4.0, negative
1,4.0,4.0,4.0,4.0,1.0,3.0,3.0,4.0,0.0,4.0,2.0, negative
2,1.0,3.0,0.0,2.0,1.0,2.0,1.0,2.0,3.0,3.0,2.0, negative
3,4.0,4.0,0.0,1.0,4.0,1.0,3.0,1.0,0.0,3.0,1.0, negative
4,0.0,2.0,0.0,4.0,1.0,1.0,3.0,3.0,4.0,0.0,3.0, negative
5,1.0,4.0,1.0,2.0,3.0,1.0,2.0,1.0,3.0,0.0,3.0, negative
6,3.0,1.0,3.0,4.0,4.0,3.0,2.0,4.0,3.0,0.0,0.0, negative
7,3.0,1.0,3.0,4.0,4.0,3.0,2.0,4.0,3.0,0.0,0.0, negative
8,0.0,4.0,1.0,1.0,4.0,4.0,4.0,1.0,3.0,3.0,3.0, negative
9,2.0,0.0,3.0,2.0,4.0,2.0,2.0,2.0,4.0,2.0,3.0, negative
10,2.0,4.0,0.0,0.0,0.0,0.0,2.0,0.0,0.0,0.0,4.0, negative
11,0.0,3.0,0.0,0.0,4.0,2.0,1.0,1.0,3.0,3.0,1.0, negative
12,2.0,1.0,0.0,0.0,1.0,4.0,3.0,0.0,2.0,1.0,3.0, negative
13,3.0,1.0,2.0,3.0,3.0,1.0,0.0,3.0,2.0,0.0,2.0, negative
14,0.0,2.0,1.0,1.0,4.0,2.0,4.0,3.0,4.0,4.0,3.0, negative
15,3.0,1.0,2.0,3.0,3.0,1.0,0.0,3.0,2.0,0.0,2.0, negative
16,3.0,0.0,2.0,3.0,4.0,1.0,0.0,3.0,0.0,4.0,1.0, negative
17,2.0,4.0,1.0,2.0,4.0,1.0,0.0,2.0,4.0,0.0,0.0, negative
18,3.0,3.0,0.0,2.0,4.0,3.0,3.0,2.0,2.0,1.0,3.0, negative
19,3.0,4.0,4.0,3.0,2.0,4.0,2.0,3.0,1.0,2.0,0.0, negative
20,0.0,0.0,1.0,3.0,3.0,4.0,3.0,3.0,4.0,0.0,2.0, negative
21,3.0,2.0,3.0,4.0,4.0,3.0,3.0,4.0,0.0,2.0,0.0, negative
22,3.0,1.0,3.0,4.0,4.0,3.0,4.0,3.0,0.0,1.0,1.0, negative
23,3.0,0.0,2.0,3.0,3.0,4.0,2.0,3.0,4.0,1.0,2.0, negative
24,3.0,2.0,4.0,4.0,3.0,3.0,4.0,4.0,0.0,3.0,0.0, negative
25,3.0,3.0,4.0,4.0,4.0,4.0,4.0,4.0,0.0,2.0,1.0, negative
26,2.0,4.0,2.0,3.0,2.0,2.0,2.0,3.0,3.0,3.0,1.0, negative
27,2.0,4.0,2.0,3.0,2.0,2.0,2.0,3.0,3.0,3.0,1.0, negative
28,3.0,3.0,4.0,4.0,4.0,4.0,4.0,4.0,0.0,2.0,1.0, negative
29,3.0,3.0,4.0,4.0,4.0,4.0,4.0,4.0,0.0,3.0,1.0, negative
30,0.0,4.0,0.0,2.0,2.0,1.0,0.0,1.0,3.0,3.0,3.0, negative
31,4.0,1.0,2.0,3.0,3.0,3.0,2.0,4.0,0.0,3.0,0.0, negative
32,3.0,4.0,1.0,2.0,0.0,2.0,1.0,1.0,2.0,1.0,4.0, negative
33,0.0,1.0,1.0,3.0,0.0,0.0,0.0,1.0,4.0,0.0,4.0, negative
34,1.0,4.0,3.0,4.0,0.0,4.0,4.0,4.0,3.0,4.0,0.0, negative
35,2.0,2.0,0.0,3.0,0.0,4.0,4.0,3.0,3.0,3.0,0.0, negative
36,2.0,2.0,2.0,4.0,0.0,3.0,3.0,4.0,4.0,4.0,2.0, negative
37,3.0,4.0,4.0,3.0,2.0,3.0,2.0,3.0,2.0,1.0,0.0, negative
38,3.0,4.0,4.0,3.0,2.0,3.0,2.0,3.0,2.0,1.0,0.0, negative
39,3.0,0.0,3.0,0.0,2.0,3.0,0.0,0.0,2.0,2.0,3.0, negative
40,1.0,0.0,4.0,4.0,3.0,1.0,2.0,4.0,0.0,1.0,1.0, negative
41,2.0,1.0,3.0,4.0,3.0,4.0,4.0,3.0,2.0,3.0,2.0, negative
42,2.0,1.0,3.0,4.0,3.0,4.0,3.0,3.0,2.0,2.0,3.0, negative
43,3.0,2.0,2.0,3.0,3.0,1.0,2.0,3.0,1.0,3.0,1.0, negative
44,4.0,4.0,4.0,3.0,0.0,0.0,0.0,2.0,0.0,0.0,3.0, negative
45,3.0,2.0,2.0,4.0,3.0,2.0,3.0,4.0,1.0,4.0,3.0, negative
46,0.0,1.0,2.0,4.0,3.0,4.0,3.0,3.0,4.0,0.0,2.0, negative
47,3.0,3.0,0.0,0.0,3.0,4.0,3.0,1.0,1.0,1.0,1.0, negative
48,2.0,2.0,3.0,4.0,2.0,3.0,3.0,4.0,0.0,3.0,0.0, negative
49,2.0,2.0,4.0,3.0,1.0,4.0,4.0,3.0,0.0,4.0,1.0, negative
50,0.0,2.0,1.0,1.0,0.0,3.0,1.0,0.0,2.0,3.0,4.0, negative
51,2.0,2.0,3.0,4.0,2.0,3.0,3.0,4.0,0.0,3.0,0.0, negative
52,1.0,2.0,4.0,1.0,4.0,4.0,3.0,1.0,0.0,1.0,1.0, negative
53,2.0,1.0,1.0,2.0,3.0,4.0,4.0,3.0,2.0,2.0,0.0, negative
54,2.0,1.0,1.0,2.0,3.0,4.0,4.0,3.0,2.0,2.0,0.0, negative
55,2.0,2.0,1.0,4.0,2.0,4.0,4.0,4.0,2.0,3.0,1.0, negative
56,3.0,3.0,1.0,4.0,3.0,3.0,4.0,4.0,1.0,2.0,0.0, negative
57,2.0,4.0,2.0,4.0,3.0,4.0,4.0,3.0,3.0,3.0,2.0, negative
58,2.0,4.0,2.0,1.0,1.0,0.0,0.0,1.0,4.0,4.0,3.0, negative
59,0.0,1.0,1.0,3.0,0.0,0.0,0.0,1.0,4.0,0.0,4.0, negative
60,2.0,0.0,2.0,3.0,2.0,2.0,1.0,2.0,3.0,0.0,1.0, negative
61,0.0,1.0,1.0,3.0,1.0,4.0,2.0,3.0,4.0,0.0,2.0, negative
62,3.0,1.0,3.0,2.0,0.0,3.0,2.0,1.0,0.0,0.0,4.0, negative
63,3.0,2.0,3.0,2.0,0.0,3.0,3.0,1.0,0.0,0.0,4.0, negative
64,4.0,3.0,1.0,2.0,0.0,1.0,0.0,2.0,2.0,3.0,3.0, negative
65,2.0,4.0,4.0,3.0,1.0,3.0,2.0,3.0,2.0,2.0,0.0, negative
66,2.0,2.0,3.0,4.0,1.0,2.0,2.0,4.0,0.0,2.0,0.0, negative
67,2.0,2.0,3.0,3.0,0.0,0.0,0.0,2.0,2.0,0.0,3.0, negative
68,2.0,2.0,3.0,4.0,1.0,2.0,2.0,4.0,0.0,2.0,0.0, negative
69,0.0,4.0,0.0,2.0,1.0,2.0,2.0,2.0,4.0,4.0,2.0, negative
70,0.0,4.0,0.0,2.0,1.0,2.0,2.0,2.0,4.0,4.0,2.0, negative
71,0.0,1.0,1.0,4.0,3.0,3.0,2.0,3.0,4.0,0.0,1.0, negative
72,2.0,4.0,2.0,2.0,4.0,2.0,1.0,2.0,3.0,0.0,0.0, negative
73,2.0,2.0,4.0,3.0,2.0,4.0,4.0,3.0,0.0,4.0,2.0, negative
74,4.0,1.0,3.0,0.0,1.0,0.0,0.0,0.0,0.0,3.0,4.0, negative
75,2.0,3.0,2.0,4.0,3.0,3.0,4.0,4.0,3.0,2.0,1.0, negative
76,3.0,3.0,1.0,4.0,3.0,3.0,4.0,4.0,1.0,2.0,0.0, negative
77,3.0,3.0,1.0,2.0,4.0,3.0,3.0,3.0,1.0,2.0,0.0, negative
78,4.0,4.0,4.0,3.0,2.0,2.0,3.0,3.0,1.0,4.0,2.0, negative
79,3.0,4.0,1.0,2.0,4.0,3.0,3.0,2.0,3.0,1.0,3.0, negative
80,0.0,3.0,0.0,2.0,1.0,3.0,3.0,1.0,4.0,4.0,3.0, negative
81,2.0,1.0,3.0,2.0,0.0,2.0,1.0,1.0,3.0,0.0,4.0, negative
82,4.0,4.0,4.0,1.0,2.0,0.0,4.0,1.0,0.0,4.0,4.0, negative
83,3.0,0.0,3.0,0.0,0.0,2.0,0.0,0.0,2.0,3.0,3.0, negative
84,2.0,1.0,2.0,1.0,0.0,2.0,1.0,0.0,3.0,0.0,4.0, negative
85,1.0,2.0,2.0,3.0,0.0,2.0,1.0,2.0,1.0,1.0,3.0, negative
86,0.0,1.0,1.0,2.0,0.0,0.0,0.0,0.0,3.0,0.0,4.0, negative
87,0.0,1.0,3.0,0.0,2.0,0.0,2.0,2.0,4.0,3.0,3.0, negative
88,4.0,0.0,4.0,3.0,3.0,4.0,1.0,3.0,2.0,2.0,3.0, negative
89,3.0,4.0,0.0,0.0,3.0,1.0,0.0,1.0,2.0,1.0,0.0, negative
90,3.0,4.0,3.0,4.0,1.0,1.0,0.0,1.0,2.0,0.0,4.0, negative
91,2.0,4.0,0.0,0.0,2.0,0.0,4.0,1.0,4.0,4.0,3.0, negative
92,1.0,4.0,3.0,2.0,1.0,4.0,4.0,1.0,1.0,4.0,3.0, negative
93,1.0,4.0,2.0,0.0,0.0,0.0,0.0,0.0,1.0,2.0,4.0, negative
94,2.0,4.0,4.0,3.0,1.0,4.0,3.0,3.0,3.0,1.0,0.0, negative
95,4.0,2.0,3.0,1.0,0.0,2.0,0.0,0.0,1.0,0.0,4.0, negative
96,0.0,3.0,0.0,0.0,4.0,1.0,0.0,1.0,3.0,3.0,1.0, negative
97,3.0,2.0,2.0,4.0,2.0,4.0,4.0,4.0,1.0,4.0,0.0, negative
98,2.0,2.0,0.0,0.0,1.0,4.0,3.0,0.0,2.0,1.0,3.0, negative
99,4.0,2.0,3.0,1.0,0.0,2.0,0.0,0.0,1.0,0.0,4.0, negative
100,3.0,0.0,3.0,0.0,0.0,2.0,0.0,0.0,2.0,3.0,4.0, negative
101,3.0,0.0,3.0,0.0,0.0,2.0,0.0,0.0,2.0,3.0,4.0, negative
102,2.0,1.0,0.0,2.0,2.0,4.0,4.0,3.0,1.0,2.0,0.0, negative
103,4.0,0.0,1.0,0.0,3.0,1.0,0.0,1.0,1.0,2.0,1.0, negative
104,3.0,3.0,4.0,4.0,4.0,4.0,4.0,4.0,1.0,2.0,1.0, negative
105,2.0,2.0,4.0,4.0,3.0,3.0,4.0,3.0,1.0,2.0,2.0, negative
106,1.0,3.0,0.0,0.0,2.0,1.0,0.0,0.0,3.0,0.0,3.0, negative
107,0.0,2.0,2.0,1.0,1.0,1.0,4.0,1.0,4.0,4.0,3.0, negative
108,0.0,3.0,0.0,0.0,4.0,1.0,0.0,1.0,4.0,3.0,1.0, negative
109,0.0,2.0,1.0,1.0,3.0,2.0,2.0,0.0,4.0,1.0,4.0, negative
110,3.0,4.0,0.0,3.0,4.0,1.0,3.0,3.0,0.0,3.0,1.0, negative
111,0.0,0.0,1.0,0.0,0.0,2.0,1.0,0.0,3.0,1.0,3.0, negative
112,3.0,0.0,1.0,3.0,4.0,1.0,0.0,2.0,0.0,3.0,2.0, negative
113,0.0,4.0,3.0,3.0,4.0,4.0,4.0,3.0,4.0,3.0,0.0, negative
114,3.0,0.0,1.0,3.0,4.0,1.0,0.0,2.0,0.0,3.0,2.0, negative
115,0.0,1.0,0.0,4.0,2.0,3.0,2.0,3.0,4.0,0.0,2.0, negative
116,3.0,4.0,4.0,3.0,2.0,4.0,3.0,3.0,2.0,3.0,0.0, negative
117,1.0,0.0,4.0,3.0,4.0,2.0,1.0,3.0,0.0,2.0,0.0, negative
118,3.0,4.0,4.0,3.0,2.0,4.0,3.0,3.0,2.0,3.0,0.0, negative
119,3.0,2.0,4.0,4.0,2.0,4.0,3.0,4.0,1.0,3.0,2.0, negative
120,2.0,4.0,2.0,3.0,1.0,2.0,3.0,3.0,3.0,4.0,1.0, negative
121,0.0,1.0,1.0,4.0,1.0,3.0,1.0,3.0,4.0,1.0,2.0, negative
122,2.0,4.0,2.0,3.0,1.0,2.0,3.0,3.0,3.0,4.0,1.0, negative
123,0.0,4.0,2.0,2.0,4.0,4.0,4.0,2.0,4.0,4.0,2.0, negative
124,3.0,4.0,1.0,1.0,4.0,0.0,1.0,2.0,0.0,3.0,0.0, negative
125,2.0,0.0,3.0,1.0,3.0,3.0,2.0,1.0,1.0,2.0,1.0, negative
126,4.0,0.0,1.0,1.0,1.0,0.0,2.0,1.0,0.0,4.0,3.0, negative
127,4.0,0.0,1.0,1.0,1.0,0.0,2.0,1.0,0.0,4.0,3.0, negative
128,0.0,3.0,3.0,0.0,0.0,0.0,0.0,0.0,4.0,0.0,4.0, negative
129,1.0,0.0,4.0,1.0,4.0,4.0,2.0,2.0,1.0,1.0,1.0, negative
130,4.0,3.0,4.0,4.0,2.0,4.0,3.0,4.0,1.0,3.0,1.0, negative
131,4.0,3.0,4.0,4.0,2.0,4.0,3.0,4.0,1.0,3.0,1.0, negative
132,0.0,1.0,2.0,1.0,2.0,1.0,0.0,0.0,4.0,3.0,3.0, negative
133,3.0,4.0,4.0,3.0,3.0,4.0,4.0,3.0,2.0,1.0,0.0, negative
134,4.0,3.0,4.0,3.0,2.0,1.0,2.0,4.0,0.0,4.0,2.0, negative
135,0.0,0.0,1.0,3.0,1.0,4.0,3.0,3.0,3.0,0.0,2.0, negative
136,0.0,4.0,0.0,1.0,4.0,2.0,1.0,0.0,3.0,2.0,3.0, negative
137,2.0,4.0,2.0,1.0,4.0,2.0,3.0,2.0,3.0,1.0,1.0, negative
138,0.0,1.0,4.0,1.0,2.0,4.0,2.0,0.0,1.0,4.0,3.0, negative
139,2.0,3.0,4.0,4.0,2.0,3.0,3.0,4.0,0.0,4.0,0.0, negative
140,3.0,4.0,4.0,3.0,3.0,4.0,4.0,3.0,0.0,2.0,0.0, negative
141,0.0,0.0,0.0,1.0,1.0,1.0,0.0,1.0,4.0,0.0,2.0, negative
142,3.0,3.0,4.0,4.0,4.0,0.0,2.0,4.0,0.0,1.0,1.0, negative
143,2.0,4.0,2.0,3.0,1.0,1.0,2.0,3.0,3.0,3.0,2.0, negative
144,1.0,4.0,0.0,0.0,0.0,0.0,1.0,0.0,0.0,0.0,4.0, negative
145,1.0,4.0,0.0,0.0,0.0,0.0,1.0,0.0,0.0,0.0,4.0, negative
146,2.0,4.0,2.0,3.0,1.0,1.0,2.0,3.0,3.0,3.0,2.0, negative
147,1.0,4.0,0.0,0.0,0.0,0.0,1.0,0.0,0.0,0.0,4.0, negative
148,1.0,4.0,0.0,0.0,0.0,0.0,1.0,0.0,0.0,0.0,4.0, negative
149,3.0,1.0,2.0,2.0,2.0,2.0,2.0,3.0,4.0,0.0,2.0, negative
150,3.0,1.0,4.0,3.0,2.0,2.0,1.0,4.0,0.0,0.0,0.0, negative
151,3.0,0.0,4.0,3.0,2.0,2.0,1.0,4.0,0.0,0.0,0.0, negative
152,1.0,4.0,3.0,4.0,4.0,4.0,4.0,4.0,2.0,4.0,0.0, negative
153,1.0,1.0,3.0,3.0,4.0,3.0,3.0,3.0,0.0,3.0,0.0, negative
154,0.0,4.0,0.0,0.0,4.0,1.0,1.0,1.0,4.0,4.0,1.0, negative
155,2.0,1.0,3.0,4.0,3.0,2.0,2.0,4.0,3.0,1.0,0.0, negative
156,3.0,2.0,1.0,3.0,3.0,1.0,2.0,3.0,1.0,4.0,1.0, negative
157,0.0,3.0,0.0,2.0,2.0,3.0,4.0,1.0,4.0,4.0,3.0, negative
158,0.0,3.0,0.0,2.0,2.0,3.0,4.0,1.0,4.0,4.0,3.0, negative
159,1.0,1.0,1.0,3.0,3.0,2.0,3.0,3.0,4.0,2.0,2.0, negative
160,1.0,1.0,2.0,3.0,3.0,2.0,3.0,3.0,4.0,2.0,2.0, negative
161,1.0,1.0,1.0,2.0,4.0,3.0,3.0,3.0,3.0,1.0,0.0, negative
162,3.0,3.0,0.0,1.0,3.0,0.0,1.0,1.0,3.0,1.0,3.0, negative
163,2.0,2.0,1.0,1.0,3.0,3.0,4.0,0.0,3.0,1.0,4.0, negative
164,3.0,2.0,1.0,1.0,2.0,0.0,0.0,1.0,2.0,0.0,2.0, negative
165,4.0,2.0,0.0,0.0,4.0,1.0,1.0,2.0,4.0,2.0,2.0, negative
166,1.0,1.0,4.0,3.0,2.0,4.0,4.0,3.0,2.0,4.0,1.0, negative
167,1.0,3.0,4.0,3.0,2.0,4.0,4.0,3.0,1.0,4.0,2.0, negative
168,2.0,2.0,0.0,0.0,1.0,4.0,2.0,0.0,2.0,0.0,3.0, negative
169,1.0,2.0,2.0,1.0,4.0,4.0,3.0,2.0,1.0,2.0,2.0, negative
170,0.0,4.0,1.0,4.0,3.0,4.0,4.0,3.0,3.0,2.0,0.0, negative
171,0.0,4.0,0.0,2.0,0.0,2.0,4.0,1.0,2.0,4.0,3.0, negative
172,0.0,4.0,0.0,2.0,0.0,2.0,3.0,2.0,2.0,4.0,3.0, negative
173,1.0,3.0,1.0,4.0,2.0,3.0,4.0,4.0,3.0,2.0,2.0, negative
174,3.0,3.0,4.0,4.0,1.0,4.0,4.0,4.0,1.0,4.0,2.0, negative
175,3.0,3.0,4.0,4.0,1.0,4.0,4.0,4.0,1.0,4.0,2.0, negative
176,3.0,3.0,4.0,4.0,1.0,4.0,4.0,4.0,1.0,4.0,2.0, negative
177,4.0,4.0,4.0,4.0,1.0,2.0,4.0,4.0,1.0,4.0,2.0, negative
178,4.0,2.0,4.0,2.0,0.0,0.0,0.0,1.0,0.0,0.0,4.0, negative
179,0.0,3.0,0.0,2.0,1.0,3.0,4.0,1.0,2.0,4.0,3.0, negative
180,0.0,4.0,0.0,0.0,1.0,0.0,0.0,1.0,2.0,2.0,1.0, negative
181,0.0,1.0,1.0,3.0,2.0,3.0,3.0,4.0,4.0,2.0,2.0, negative
182,1.0,3.0,3.0,2.0,1.0,4.0,4.0,2.0,4.0,1.0,3.0, negative
183,2.0,2.0,3.0,4.0,1.0,2.0,2.0,4.0,0.0,3.0,1.0, negative
184,2.0,2.0,4.0,3.0,3.0,4.0,3.0,3.0,0.0,2.0,0.0, negative
185,0.0,2.0,4.0,1.0,2.0,0.0,3.0,2.0,4.0,3.0,3.0, negative
186,1.0,4.0,0.0,0.0,1.0,2.0,1.0,0.0,2.0,2.0,3.0, negative
187,2.0,0.0,2.0,2.0,4.0,1.0,0.0,2.0,0.0,4.0,2.0, negative
188,0.0,3.0,1.0,0.0,4.0,0.0,4.0,0.0,1.0,4.0,2.0, negative
189,2.0,4.0,1.0,3.0,1.0,1.0,4.0,3.0,4.0,4.0,1.0, negative
190,0.0,1.0,1.0,4.0,0.0,2.0,2.0,4.0,4.0,1.0,2.0, negative
191,3.0,4.0,1.0,2.0,1.0,1.0,2.0,2.0,2.0,1.0,3.0, negative
192,0.0,3.0,4.0,1.0,4.0,0.0,2.0,1.0,1.0,3.0,1.0, negative
193,0.0,1.0,1.0,3.0,4.0,3.0,3.0,3.0,4.0,1.0,2.0, negative
194,2.0,1.0,4.0,4.0,4.0,4.0,4.0,4.0,0.0,4.0,0.0, negative
195,2.0,4.0,4.0,4.0,4.0,4.0,4.0,4.0,1.0,1.0,1.0, negative
196,0.0,2.0,2.0,4.0,1.0,3.0,3.0,4.0,4.0,2.0,2.0, negative
197,3.0,1.0,0.0,4.0,3.0,3.0,4.0,4.0,1.0,3.0,0.0, negative
198,3.0,1.0,0.0,4.0,3.0,3.0,4.0,4.0,1.0,3.0,0.0, negative
199,1.0,4.0,0.0,1.0,2.0,2.0,2.0,2.0,1.0,4.0,3.0, negative
200,3.0,3.0,1.0,0.0,2.0,2.0,3.0,1.0,0.0,3.0,1.0, negative
201,3.0,3.0,1.0,2.0,3.0,2.0,2.0,3.0,1.0,1.0,0.0, negative
202,0.0,2.0,4.0,2.0,2.0,4.0,4.0,2.0,3.0,2.0,1.0, negative
203,2.0,4.0,3.0,3.0,1.0,4.0,4.0,4.0,1.0,3.0,1.0, negative
204,1.0,3.0,1.0,4.0,2.0,4.0,4.0,3.0,2.0,1.0,2.0, negative
205,0.0,2.0,4.0,2.0,2.0,4.0,4.0,2.0,3.0,2.0,1.0, negative
206,0.0,2.0,0.0,1.0,1.0,1.0,1.0,1.0,0.0,2.0,0.0, negative
207,4.0,0.0,3.0,2.0,0.0,0.0,0.0,1.0,2.0,3.0,4.0, negative
208,2.0,4.0,0.0,3.0,0.0,1.0,1.0,3.0,3.0,3.0,1.0, negative
209,0.0,2.0,0.0,1.0,1.0,1.0,1.0,1.0,0.0,2.0,0.0, negative
210,2.0,4.0,0.0,3.0,0.0,1.0,1.0,3.0,3.0,3.0,1.0, negative
211,2.0,0.0,0.0,2.0,3.0,2.0,0.0,2.0,4.0,1.0,2.0, negative
212,4.0,0.0,3.0,2.0,0.0,0.0,0.0,1.0,2.0,3.0,4.0, negative
213,4.0,3.0,1.0,0.0,0.0,0.0,0.0,0.0,1.0,0.0,4.0, negative
214,4.0,4.0,4.0,4.0,1.0,4.0,3.0,4.0,1.0,3.0,2.0, negative
215,4.0,4.0,4.0,4.0,1.0,4.0,3.0,4.0,1.0,3.0,2.0, negative
216,2.0,2.0,2.0,1.0,4.0,4.0,3.0,2.0,2.0,2.0,2.0, negative
217,0.0,3.0,0.0,2.0,0.0,2.0,3.0,1.0,4.0,4.0,3.0, negative
218,0.0,4.0,4.0,3.0,4.0,0.0,2.0,2.0,0.0,2.0,2.0, negative
219,4.0,3.0,4.0,3.0,1.0,3.0,2.0,4.0,1.0,2.0,0.0, negative
220,0.0,1.0,2.0,0.0,0.0,2.0,1.0,0.0,4.0,2.0,2.0, negative
221,3.0,1.0,2.0,4.0,2.0,3.0,4.0,4.0,1.0,3.0,0.0, negative
222,1.0,3.0,0.0,2.0,1.0,1.0,2.0,1.0,2.0,4.0,3.0, negative
223,0.0,3.0,0.0,2.0,1.0,1.0,2.0,1.0,2.0,4.0,3.0, negative
224,0.0,2.0,0.0,0.0,0.0,0.0,0.0,0.0,4.0,0.0,1.0, negative
225,0.0,2.0,0.0,0.0,0.0,0.0,0.0,0.0,4.0,0.0,1.0, negative
226,1.0,2.0,1.0,1.0,2.0,0.0,0.0,1.0,4.0,1.0,3.0, negative
227,0.0,4.0,0.0,1.0,1.0,1.0,0.0,1.0,4.0,0.0,1.0, negative
228,1.0,1.0,3.0,3.0,3.0,3.0,3.0,4.0,4.0,2.0,3.0, negative
229,0.0,4.0,4.0,4.0,1.0,3.0,1.0,4.0,2.0,3.0,0.0, negative
230,0.0,2.0,2.0,2.0,0.0,4.0,4.0,2.0,4.0,1.0,2.0, negative
231,0.0,2.0,3.0,4.0,1.0,4.0,4.0,3.0,1.0,0.0,0.0, negative
232,0.0,2.0,4.0,2.0,1.0,4.0,4.0,2.0,1.0,1.0,0.0, negative
233,1.0,4.0,2.0,0.0,2.0,0.0,0.0,0.0,1.0,1.0,4.0, negative
234,0.0,4.0,4.0,4.0,1.0,3.0,1.0,4.0,2.0,3.0,0.0, negative
235,0.0,3.0,1.0,2.0,0.0,3.0,4.0,2.0,2.0,4.0,2.0, negative
236,4.0,0.0,3.0,1.0,1.0,1.0,2.0,1.0,0.0,0.0,3.0, negative
237,3.0,1.0,3.0,2.0,0.0,0.0,0.0,1.0,2.0,2.0,4.0, negative
238,4.0,3.0,1.0,1.0,1.0,0.0,1.0,1.0,1.0,0.0,2.0, negative
239,4.0,1.0,3.0,0.0,1.0,2.0,1.0,0.0,0.0,0.0,3.0, negative
240,4.0,3.0,1.0,1.0,1.0,0.0,1.0,1.0,1.0,0.0,2.0, negative
241,3.0,3.0,1.0,1.0,1.0,0.0,1.0,1.0,1.0,0.0,2.0, negative
242,4.0,1.0,3.0,1.0,0.0,0.0,0.0,0.0,2.0,0.0,4.0, negative
243,4.0,2.0,1.0,1.0,3.0,1.0,0.0,2.0,1.0,2.0,1.0, negative
244,1.0,0.0,2.0,2.0,3.0,4.0,4.0,3.0,3.0,2.0,0.0, negative
245,2.0,0.0,2.0,1.0,1.0,4.0,2.0,0.0,4.0,3.0,4.0, negative
246,2.0,0.0,2.0,1.0,1.0,4.0,2.0,0.0,4.0,3.0,4.0, negative
247,1.0,1.0,1.0,4.0,2.0,4.0,4.0,3.0,3.0,0.0,3.0, negative
248,0.0,1.0,2.0,0.0,2.0,0.0,0.0,0.0,4.0,4.0,3.0, negative
249,1.0,2.0,3.0,2.0,2.0,4.0,4.0,2.0,1.0,2.0,2.0, negative
250,0.0,0.0,1.0,4.0,4.0,4.0,2.0,4.0,4.0,1.0,0.0, negative
251,4.0,4.0,0.0,1.0,0.0,1.0,1.0,0.0,0.0,0.0,3.0, negative
252,2.0,4.0,4.0,3.0,4.0,3.0,1.0,3.0,0.0,4.0,1.0, negative
253,3.0,0.0,3.0,1.0,4.0,0.0,0.0,1.0,4.0,4.0,4.0, negative
254,3.0,4.0,1.0,2.0,1.0,0.0,0.0,2.0,3.0,4.0,2.0, negative
255,3.0,0.0,2.0,0.0,0.0,0.0,0.0,0.0,0.0,4.0,4.0, negative
256,4.0,2.0,2.0,0.0,1.0,1.0,0.0,0.0,0.0,4.0,4.0, negative
257,3.0,3.0,4.0,4.0,2.0,4.0,4.0,4.0,0.0,1.0,0.0, negative
258,3.0,0.0,3.0,1.0,3.0,1.0,0.0,1.0,2.0,2.0,4.0, negative
259,1.0,0.0,0.0,0.0,2.0,1.0,0.0,1.0,4.0,2.0,3.0, negative
260,2.0,3.0,4.0,1.0,0.0,0.0,0.0,0.0,1.0,1.0,3.0, negative
261,4.0,4.0,3.0,0.0,0.0,0.0,0.0,1.0,0.0,1.0,1.0, negative
262,3.0,1.0,2.0,2.0,2.0,2.0,2.0,3.0,1.0,3.0,0.0, negative
263,4.0,2.0,3.0,0.0,0.0,0.0,0.0,0.0,0.0,0.0,4.0, negative
264,2.0,3.0,4.0,1.0,0.0,0.0,0.0,0.0,1.0,1.0,3.0, negative
265,4.0,1.0,3.0,1.0,2.0,2.0,0.0,1.0,0.0,1.0,3.0, negative
266,3.0,4.0,1.0,3.0,4.0,2.0,4.0,4.0,4.0,2.0,0.0, negative
267,2.0,0.0,1.0,2.0,4.0,3.0,3.0,3.0,4.0,4.0,2.0, negative
268,2.0,1.0,1.0,1.0,4.0,2.0,4.0,2.0,4.0,4.0,2.0, negative
269,2.0,1.0,1.0,1.0,4.0,2.0,4.0,2.0,4.0,4.0,2.0, negative
270,4.0,0.0,3.0,4.0,3.0,2.0,1.0,4.0,3.0,3.0,2.0, negative
271,4.0,0.0,3.0,4.0,3.0,2.0,1.0,4.0,3.0,3.0,2.0, negative
272,4.0,3.0,2.0,2.0,2.0,1.0,4.0,2.0,0.0,2.0,4.0, negative
273,4.0,1.0,4.0,0.0,0.0,3.0,1.0,2.0,2.0,4.0,3.0, negative
274,1.0,1.0,2.0,4.0,3.0,4.0,4.0,4.0,4.0,1.0,3.0, negative
275,3.0,3.0,4.0,3.0,1.0,4.0,2.0,4.0,1.0,2.0,0.0, negative
276,1.0,0.0,3.0,1.0,0.0,4.0,2.0,0.0,4.0,3.0,4.0, negative
277,3.0,3.0,4.0,3.0,1.0,4.0,2.0,4.0,1.0,2.0,0.0, negative
278,3.0,0.0,3.0,1.0,2.0,1.0,0.0,1.0,4.0,1.0,4.0, negative
279,0.0,4.0,0.0,0.0,1.0,0.0,0.0,0.0,4.0,3.0,4.0, negative
280,0.0,4.0,0.0,0.0,1.0,0.0,0.0,0.0,4.0,3.0,4.0, negative
281,4.0,4.0,4.0,1.0,1.0,0.0,1.0,2.0,0.0,2.0,4.0, negative
282,2.0,4.0,2.0,4.0,1.0,1.0,2.0,4.0,2.0,3.0,1.0, negative
283,3.0,4.0,2.0,1.0,1.0,1.0,1.0,2.0,3.0,1.0,3.0, negative
284,4.0,2.0,4.0,1.0,4.0,2.0,1.0,3.0,2.0,4.0,2.0, negative
285,4.0,3.0,4.0,2.0,0.0,1.0,0.0,1.0,0.0,0.0,4.0, negative
286,4.0,2.0,4.0,1.0,4.0,2.0,1.0,3.0,2.0,4.0,2.0, negative
287,3.0,1.0,2.0,1.0,2.0,1.0,1.0,1.0,3.0,2.0,4.0, negative
288,3.0,1.0,2.0,1.0,2.0,1.0,1.0,1.0,4.0,1.0,4.0, negative
289,2.0,3.0,0.0,2.0,1.0,4.0,4.0,3.0,2.0,1.0,0.0, negative
290,4.0,2.0,2.0,0.0,0.0,0.0,2.0,1.0,0.0,1.0,4.0, negative
291,4.0,3.0,2.0,0.0,1.0,0.0,4.0,2.0,2.0,2.0,2.0, negative
292,2.0,3.0,0.0,2.0,1.0,4.0,4.0,3.0,2.0,1.0,0.0, negative
293,2.0,3.0,0.0,2.0,1.0,4.0,4.0,3.0,2.0,1.0,0.0, negative
294,0.0,1.0,2.0,2.0,0.0,2.0,1.0,2.0,4.0,1.0,3.0, negative
295,0.0,4.0,1.0,0.0,1.0,0.0,0.0,0.0,3.0,0.0,2.0, negative
296,3.0,0.0,3.0,0.0,0.0,1.0,0.0,0.0,3.0,0.0,4.0, negative
297,4.0,4.0,4.0,2.0,0.0,0.0,1.0,2.0,2.0,0.0,2.0, negative
298,3.0,0.0,2.0,1.0,2.0,2.0,0.0,1.0,4.0,4.0,4.0, negative
299,1.0,1.0,3.0,3.0,1.0,4.0,3.0,3.0,0.0,1.0,1.0, negative
300,3.0,0.0,1.0,1.0,1.0,2.0,0.0,2.0,3.0,0.0,2.0, negative
301,3.0,0.0,2.0,1.0,2.0,2.0,0.0,1.0,4.0,4.0,4.0, negative
302,3.0,3.0,3.0,0.0,2.0,1.0,3.0,1.0,1.0,1.0,1.0, negative
303,4.0,1.0,4.0,1.0,4.0,0.0,0.0,2.0,1.0,2.0,2.0, negative
304,1.0,2.0,3.0,2.0,2.0,2.0,4.0,2.0,1.0,0.0,0.0, negative
305,4.0,3.0,2.0,1.0,2.0,0.0,4.0,2.0,3.0,2.0,2.0, negative
306,1.0,2.0,3.0,2.0,2.0,2.0,4.0,2.0,1.0,0.0,0.0, negative
307,3.0,2.0,3.0,2.0,4.0,1.0,4.0,2.0,4.0,0.0,2.0, negative
308,4.0,2.0,3.0,2.0,2.0,3.0,3.0,3.0,2.0,1.0,4.0, negative
309,4.0,4.0,3.0,3.0,4.0,1.0,4.0,4.0,0.0,2.0,1.0, negative
310,4.0,2.0,3.0,2.0,2.0,3.0,3.0,3.0,2.0,1.0,4.0, negative
311,2.0,0.0,3.0,2.0,1.0,1.0,0.0,1.0,1.0,1.0,4.0, negative
312,4.0,3.0,2.0,1.0,0.0,3.0,4.0,1.0,0.0,2.0,4.0, negative
313,3.0,1.0,3.0,1.0,0.0,2.0,1.0,0.0,2.0,3.0,4.0, negative
314,4.0,1.0,4.0,1.0,1.0,1.0,3.0,4.0,3.0,4.0,2.0, negative
315,1.0,1.0,0.0,2.0,0.0,1.0,1.0,2.0,4.0,0.0,3.0, negative
316,4.0,4.0,4.0,3.0,3.0,3.0,4.0,4.0,2.0,3.0,3.0, negative
317,0.0,1.0,2.0,0.0,2.0,1.0,2.0,0.0,2.0,1.0,1.0, negative
318,2.0,0.0,4.0,0.0,4.0,4.0,2.0,1.0,1.0,0.0,1.0, negative
319,3.0,0.0,3.0,0.0,0.0,0.0,0.0,1.0,4.0,0.0,3.0, negative
320,4.0,4.0,4.0,0.0,0.0,1.0,1.0,1.0,3.0,1.0,4.0, negative
321,2.0,4.0,2.0,2.0,4.0,2.0,2.0,3.0,3.0,2.0,2.0, negative
322,4.0,4.0,4.0,0.0,0.0,1.0,1.0,1.0,3.0,1.0,4.0, negative
323,4.0,3.0,2.0,3.0,1.0,1.0,2.0,3.0,0.0,0.0,2.0, negative
324,4.0,4.0,4.0,4.0,0.0,4.0,4.0,4.0,0.0,4.0,1.0, negative
325,4.0,0.0,4.0,1.0,2.0,1.0,2.0,2.0,0.0,4.0,2.0, negative
326,4.0,1.0,4.0,0.0,1.0,0.0,2.0,1.0,0.0,1.0,4.0, negative
327,4.0,3.0,3.0,0.0,2.0,0.0,3.0,2.0,1.0,2.0,2.0, negative
328,2.0,0.0,2.0,0.0,1.0,1.0,3.0,0.0,4.0,4.0,4.0, negative
329,1.0,1.0,4.0,2.0,0.0,4.0,4.0,2.0,0.0,1.0,0.0, negative
330,0.0,0.0,1.0,1.0,4.0,3.0,2.0,0.0,4.0,4.0,4.0, negative
331,4.0,0.0,3.0,1.0,3.0,1.0,0.0,1.0,0.0,2.0,2.0, negative
332,4.0,0.0,3.0,1.0,3.0,1.0,0.0,1.0,0.0,2.0,2.0, negative
333,2.0,0.0,2.0,2.0,2.0,3.0,4.0,2.0,4.0,3.0,3.0, negative
334,2.0,0.0,2.0,2.0,2.0,3.0,4.0,2.0,4.0,3.0,3.0, negative
335,4.0,4.0,1.0,1.0,0.0,0.0,2.0,1.0,0.0,0.0,3.0, negative
336,2.0,0.0,2.0,2.0,2.0,3.0,4.0,2.0,4.0,3.0,3.0, negative
337,4.0,0.0,3.0,0.0,1.0,2.0,2.0,0.0,0.0,1.0,4.0, negative
338,4.0,0.0,3.0,0.0,1.0,2.0,2.0,0.0,0.0,1.0,4.0, negative
339,4.0,2.0,1.0,1.0,4.0,1.0,1.0,2.0,2.0,2.0,0.0, negative
340,3.0,4.0,4.0,4.0,4.0,3.0,3.0,4.0,0.0,2.0,1.0, negative
341,0.0,3.0,2.0,0.0,1.0,1.0,2.0,2.0,4.0,4.0,2.0, negative
342,4.0,3.0,4.0,2.0,1.0,0.0,0.0,1.0,0.0,0.0,4.0, negative
343,0.0,4.0,0.0,0.0,0.0,1.0,0.0,1.0,4.0,0.0,1.0, negative
344,2.0,3.0,4.0,0.0,1.0,0.0,1.0,0.0,2.0,4.0,3.0, negative
345,3.0,1.0,4.0,0.0,1.0,2.0,2.0,0.0,2.0,4.0,4.0, negative
346,0.0,0.0,4.0,1.0,3.0,0.0,0.0,0.0,4.0,2.0,2.0, negative
347,0.0,0.0,4.0,1.0,3.0,0.0,0.0,0.0,4.0,2.0,2.0, negative
348,3.0,1.0,4.0,0.0,1.0,2.0,2.0,0.0,2.0,4.0,4.0, negative
349,2.0,1.0,1.0,4.0,3.0,1.0,0.0,4.0,2.0,3.0,2.0, negative
350,4.0,4.0,4.0,4.0,3.0,3.0,4.0,4.0,0.0,4.0,1.0, negative
351,1.0,1.0,4.0,2.0,3.0,4.0,4.0,2.0,3.0,0.0,2.0, negative
352,0.0,1.0,4.0,2.0,3.0,4.0,4.0,2.0,2.0,2.0,0.0, negative
353,3.0,1.0,4.0,4.0,3.0,4.0,2.0,4.0,0.0,1.0,0.0, negative
354,3.0,3.0,1.0,0.0,4.0,0.0,1.0,0.0,2.0,0.0,4.0, negative
355,4.0,0.0,4.0,4.0,3.0,3.0,4.0,4.0,0.0,3.0,1.0, negative
356,2.0,3.0,4.0,3.0,4.0,3.0,2.0,3.0,0.0,4.0,1.0, negative
357,2.0,0.0,4.0,0.0,1.0,1.0,3.0,1.0,4.0,3.0,3.0, negative
358,3.0,4.0,4.0,0.0,2.0,0.0,2.0,1.0,0.0,1.0,1.0, negative
359,4.0,0.0,4.0,0.0,3.0,0.0,0.0,0.0,2.0,0.0,4.0, negative
360,3.0,4.0,4.0,3.0,0.0,3.0,3.0,3.0,3.0,0.0,4.0, negative
361,4.0,0.0,4.0,4.0,0.0,3.0,4.0,4.0,0.0,1.0,1.0, negative
362,3.0,0.0,4.0,0.0,0.0,0.0,0.0,0.0,1.0,4.0,4.0, negative
363,2.0,4.0,1.0,0.0,1.0,0.0,0.0,1.0,4.0,0.0,3.0, negative
364,4.0,0.0,4.0,1.0,1.0,2.0,3.0,1.0,0.0,0.0,3.0, negative
365,2.0,2.0,1.0,0.0,0.0,0.0,1.0,1.0,2.0,0.0,1.0, negative
366,4.0,0.0,4.0,1.0,3.0,0.0,2.0,1.0,2.0,2.0,4.0, negative
367,4.0,0.0,4.0,1.0,4.0,0.0,2.0,1.0,3.0,2.0,3.0, negative
368,2.0,2.0,1.0,0.0,0.0,0.0,1.0,1.0,2.0,0.0,1.0, negative
369,2.0,0.0,4.0,0.0,1.0,0.0,3.0,0.0,3.0,4.0,4.0, negative
370,3.0,2.0,4.0,4.0,0.0,3.0,2.0,4.0,0.0,1.0,0.0, negative
371,3.0,2.0,4.0,4.0,0.0,3.0,2.0,4.0,0.0,1.0,0.0, negative
372,4.0,0.0,4.0,0.0,0.0,0.0,0.0,0.0,0.0,0.0,3.0, negative
373,4.0,0.0,4.0,0.0,0.0,0.0,0.0,0.0,0.0,0.0,3.0, negative
374,4.0,2.0,4.0,1.0,4.0,0.0,1.0,2.0,2.0,2.0,3.0, negative
375,4.0,2.0,4.0,1.0,4.0,0.0,1.0,2.0,2.0,2.0,3.0, negative
376,4.0,0.0,4.0,4.0,2.0,2.0,2.0,4.0,1.0,1.0,1.0, negative
377,3.0,0.0,4.0,1.0,3.0,1.0,0.0,2.0,4.0,1.0,3.0, negative
378,2.0,2.0,4.0,2.0,0.0,2.0,2.0,2.0,3.0,2.0,3.0, negative
379,2.0,2.0,4.0,1.0,1.0,2.0,2.0,2.0,3.0,2.0,3.0, negative
380,4.0,1.0,4.0,1.0,2.0,1.0,1.0,1.0,2.0,0.0,3.0, negative
381,1.0,0.0,4.0,3.0,2.0,4.0,3.0,4.0,4.0,4.0,3.0, negative
382,3.0,2.0,4.0,4.0,1.0,3.0,3.0,4.0,0.0,1.0,0.0, negative
383,4.0,3.0,4.0,0.0,1.0,2.0,2.0,2.0,1.0,2.0,3.0, negative
384,3.0,2.0,4.0,4.0,1.0,3.0,3.0,4.0,0.0,1.0,0.0, negative
385,2.0,4.0,0.0,1.0,0.0,4.0,1.0,0.0,2.0,0.0,4.0, negative
386,0.0,4.0,1.0,1.0,0.0,1.0,0.0,0.0,4.0,0.0,4.0, negative
387,2.0,4.0,0.0,1.0,2.0,2.0,1.0,1.0,3.0,0.0,2.0, negative
388,4.0,3.0,4.0,1.0,3.0,0.0,1.0,2.0,2.0,0.0,2.0, negative
389,4.0,3.0,4.0,1.0,3.0,0.0,1.0,2.0,2.0,0.0,2.0, negative
390,2.0,1.0,1.0,1.0,3.0,0.0,1.0,1.0,3.0,4.0,4.0, negative
391,4.0,4.0,4.0,2.0,1.0,2.0,2.0,2.0,3.0,0.0,3.0, negative
392,4.0,4.0,4.0,4.0,4.0,3.0,4.0,4.0,0.0,3.0,1.0, negative
393,4.0,0.0,4.0,1.0,1.0,1.0,0.0,1.0,1.0,0.0,4.0, negative
394,2.0,4.0,4.0,2.0,3.0,1.0,3.0,2.0,1.0,0.0,0.0, negative
395,4.0,2.0,4.0,0.0,2.0,1.0,2.0,1.0,1.0,4.0,3.0, negative
396,0.0,0.0,4.0,0.0,2.0,1.0,0.0,1.0,3.0,2.0,1.0, negative
397,2.0,3.0,4.0,2.0,3.0,3.0,4.0,3.0,1.0,2.0,0.0, negative
398,2.0,3.0,4.0,2.0,2.0,4.0,4.0,3.0,2.0,1.0,1.0, negative
399,4.0,4.0,4.0,0.0,1.0,0.0,0.0,1.0,3.0,1.0,4.0, negative
400,2.0,1.0,2.0,1.0,4.0,3.0,3.0,2.0,3.0,0.0,1.0, negative
401,2.0,2.0,2.0,2.0,4.0,2.0,3.0,2.0,3.0,0.0,1.0, negative
402,0.0,2.0,2.0,3.0,2.0,4.0,4.0,3.0,2.0,2.0,0.0, negative
403,1.0,3.0,0.0,2.0,0.0,0.0,1.0,2.0,4.0,1.0,3.0, negative
404,4.0,3.0,2.0,4.0,3.0,3.0,4.0,4.0,3.0,4.0,0.0, negative
405,3.0,1.0,3.0,3.0,2.0,3.0,2.0,4.0,4.0,4.0,3.0, negative
406,2.0,1.0,0.0,3.0,2.0,4.0,4.0,2.0,3.0,1.0,3.0, negative
407,4.0,2.0,3.0,3.0,0.0,3.0,4.0,3.0,2.0,2.0,3.0, negative
408,2.0,3.0,3.0,2.0,4.0,1.0,2.0,2.0,2.0,2.0,2.0, negative
409,2.0,1.0,2.0,4.0,4.0,3.0,3.0,4.0,4.0,1.0,2.0, negative
410,2.0,0.0,2.0,4.0,3.0,3.0,3.0,4.0,4.0,0.0,3.0, negative
411,4.0,3.0,1.0,1.0,0.0,0.0,0.0,0.0,1.0,2.0,4.0, negative
412,2.0,0.0,2.0,2.0,0.0,2.0,1.0,1.0,3.0,3.0,4.0, negative
413,2.0,2.0,1.0,2.0,4.0,2.0,1.0,2.0,1.0,2.0,2.0, negative
414,2.0,4.0,0.0,1.0,0.0,3.0,0.0,0.0,2.0,0.0,4.0, negative
415,0.0,0.0,1.0,1.0,3.0,0.0,0.0,2.0,2.0,1.0,0.0, negative
416,3.0,0.0,3.0,1.0,3.0,1.0,0.0,2.0,3.0,1.0,3.0, negative
417,0.0,3.0,2.0,3.0,3.0,3.0,4.0,4.0,2.0,2.0,0.0, negative
418,4.0,2.0,1.0,0.0,1.0,1.0,0.0,1.0,4.0,1.0,4.0, negative
419,2.0,2.0,1.0,2.0,3.0,4.0,4.0,3.0,3.0,1.0,1.0, negative
420,2.0,2.0,1.0,3.0,4.0,4.0,4.0,3.0,2.0,1.0,0.0, negative
421,4.0,0.0,1.0,0.0,0.0,0.0,0.0,0.0,0.0,2.0,4.0, negative
422,2.0,4.0,0.0,3.0,2.0,4.0,4.0,3.0,2.0,1.0,1.0, negative
423,2.0,2.0,1.0,2.0,3.0,4.0,4.0,3.0,3.0,1.0,1.0, negative
424,2.0,3.0,1.0,2.0,3.0,4.0,4.0,3.0,2.0,2.0,0.0, negative
425,3.0,3.0,0.0,1.0,3.0,3.0,3.0,2.0,4.0,4.0,0.0, negative
426,2.0,4.0,0.0,0.0,2.0,4.0,2.0,0.0,2.0,0.0,3.0, negative
427,2.0,1.0,3.0,4.0,4.0,3.0,3.0,4.0,4.0,2.0,3.0, negative
428,4.0,0.0,2.0,2.0,3.0,3.0,2.0,2.0,3.0,0.0,3.0, negative
429,4.0,4.0,2.0,2.0,0.0,2.0,1.0,1.0,2.0,0.0,4.0, negative
430,4.0,0.0,2.0,0.0,1.0,1.0,3.0,2.0,2.0,2.0,1.0, negative
431,1.0,3.0,1.0,1.0,3.0,1.0,1.0,1.0,4.0,3.0,1.0, negative
432,3.0,3.0,2.0,4.0,4.0,3.0,4.0,4.0,4.0,4.0,1.0, negative
433,2.0,4.0,1.0,1.0,4.0,1.0,1.0,2.0,4.0,3.0,2.0, negative
434,4.0,4.0,0.0,1.0,2.0,0.0,1.0,2.0,2.0,1.0,2.0, negative
435,3.0,3.0,3.0,4.0,4.0,2.0,1.0,3.0,2.0,0.0,2.0, negative
436,4.0,4.0,0.0,1.0,2.0,0.0,1.0,2.0,2.0,1.0,2.0, negative
437,3.0,2.0,2.0,1.0,0.0,1.0,0.0,0.0,1.0,0.0,4.0, negative
438,1.0,3.0,0.0,3.0,0.0,2.0,3.0,3.0,3.0,0.0,0.0, negative
439,3.0,3.0,3.0,1.0,0.0,0.0,0.0,2.0,4.0,4.0,3.0, negative
440,1.0,3.0,0.0,3.0,0.0,2.0,3.0,3.0,3.0,0.0,0.0, negative
441,4.0,4.0,3.0,4.0,4.0,2.0,4.0,4.0,0.0,4.0,1.0, negative
442,2.0,0.0,2.0,0.0,3.0,1.0,3.0,0.0,4.0,3.0,4.0, negative
443,4.0,1.0,4.0,2.0,1.0,4.0,3.0,3.0,1.0,0.0,0.0, negative
444,3.0,4.0,0.0,3.0,2.0,3.0,2.0,4.0,4.0,1.0,0.0, negative
445,4.0,4.0,4.0,4.0,3.0,2.0,4.0,4.0,0.0,4.0,0.0, negative
446,4.0,2.0,3.0,1.0,4.0,0.0,0.0,2.0,4.0,4.0,3.0, negative
447,4.0,3.0,2.0,0.0,4.0,0.0,3.0,2.0,2.0,2.0,2.0, negative
448,0.0,3.0,0.0,4.0,2.0,1.0,3.0,3.0,1.0,2.0,0.0, negative
449,0.0,3.0,0.0,4.0,2.0,1.0,3.0,3.0,1.0,2.0,0.0, negative
450,4.0,2.0,2.0,2.0,0.0,2.0,2.0,1.0,1.0,0.0,4.0, negative
451,4.0,2.0,3.0,4.0,2.0,3.0,4.0,4.0,2.0,4.0,1.0, negative
452,4.0,2.0,3.0,4.0,2.0,3.0,4.0,4.0,2.0,4.0,1.0, negative
453,4.0,2.0,3.0,4.0,2.0,3.0,4.0,4.0,2.0,4.0,1.0, negative
454,2.0,4.0,0.0,0.0,0.0,2.0,0.0,1.0,3.0,0.0,0.0, negative
455,3.0,1.0,3.0,4.0,3.0,3.0,3.0,4.0,4.0,1.0,2.0, negative
456,4.0,0.0,3.0,0.0,0.0,1.0,1.0,1.0,2.0,4.0,3.0, negative
457,4.0,3.0,3.0,4.0,2.0,3.0,4.0,4.0,2.0,4.0,1.0, negative
458,2.0,1.0,2.0,4.0,2.0,3.0,2.0,4.0,4.0,1.0,0.0, negative
459,2.0,1.0,2.0,4.0,2.0,3.0,2.0,4.0,4.0,1.0,0.0, negative
460,2.0,3.0,4.0,2.0,4.0,2.0,2.0,2.0,2.0,1.0,2.0, negative
461,3.0,0.0,2.0,2.0,1.0,0.0,1.0,1.0,0.0,0.0,3.0, negative
462,0.0,2.0,3.0,1.0,0.0,0.0,1.0,1.0,2.0,4.0,4.0, negative
463,4.0,0.0,2.0,3.0,4.0,3.0,1.0,3.0,3.0,0.0,2.0, negative
464,2.0,1.0,3.0,3.0,2.0,4.0,3.0,2.0,1.0,1.0,1.0, negative
465,2.0,1.0,3.0,3.0,2.0,4.0,3.0,2.0,1.0,1.0,1.0, negative
466,2.0,0.0,0.0,1.0,3.0,1.0,1.0,2.0,4.0,1.0,2.0, negative
467,4.0,4.0,1.0,1.0,0.0,0.0,0.0,0.0,0.0,2.0,3.0, negative
468,3.0,1.0,1.0,1.0,3.0,3.0,3.0,0.0,0.0,1.0,4.0, negative
469,4.0,3.0,2.0,3.0,0.0,3.0,3.0,3.0,1.0,1.0,3.0, negative
470,3.0,4.0,4.0,3.0,4.0,1.0,3.0,3.0,0.0,0.0,1.0, negative
471,4.0,3.0,2.0,3.0,0.0,3.0,3.0,3.0,1.0,1.0,3.0, negative
472,3.0,0.0,3.0,0.0,0.0,1.0,0.0,0.0,4.0,0.0,3.0, negative
473,2.0,3.0,2.0,2.0,3.0,2.0,2.0,3.0,2.0,0.0,0.0, negative
474,2.0,3.0,2.0,2.0,3.0,2.0,2.0,3.0,2.0,0.0,0.0, negative
475,4.0,4.0,4.0,4.0,3.0,2.0,4.0,4.0,0.0,4.0,0.0, negative
476,2.0,3.0,4.0,2.0,3.0,2.0,2.0,2.0,0.0,1.0,2.0, negative
477,4.0,1.0,0.0,4.0,0.0,3.0,4.0,4.0,0.0,2.0,2.0, negative
478,1.0,2.0,1.0,3.0,4.0,4.0,3.0,3.0,0.0,4.0,0.0, negative
479,3.0,0.0,2.0,0.0,0.0,0.0,0.0,1.0,4.0,1.0,3.0, negative
480,4.0,0.0,2.0,0.0,0.0,0.0,0.0,1.0,0.0,0.0,3.0, negative
481,4.0,0.0,2.0,0.0,0.0,0.0,0.0,1.0,0.0,0.0,3.0, negative
482,4.0,0.0,4.0,0.0,1.0,1.0,1.0,3.0,0.0,4.0,2.0, negative
483,4.0,0.0,4.0,0.0,1.0,0.0,0.0,2.0,2.0,4.0,3.0, negative
484,2.0,3.0,3.0,2.0,2.0,3.0,3.0,2.0,3.0,2.0,0.0, negative
485,4.0,0.0,1.0,1.0,4.0,2.0,1.0,3.0,2.0,1.0,1.0, negative
486,3.0,1.0,1.0,4.0,4.0,2.0,2.0,4.0,2.0,0.0,0.0, negative
487,3.0,1.0,1.0,4.0,4.0,2.0,2.0,4.0,2.0,0.0,0.0, negative
488,2.0,2.0,3.0,2.0,4.0,2.0,4.0,3.0,4.0,4.0,3.0, negative
489,4.0,0.0,1.0,2.0,1.0,4.0,3.0,2.0,1.0,4.0,3.0, negative
490,2.0,0.0,1.0,2.0,4.0,0.0,0.0,2.0,4.0,1.0,2.0, negative
491,2.0,3.0,0.0,0.0,1.0,4.0,2.0,0.0,3.0,2.0,3.0, negative
492,3.0,0.0,3.0,1.0,1.0,1.0,2.0,2.0,4.0,2.0,3.0, negative
493,4.0,4.0,2.0,3.0,0.0,0.0,0.0,1.0,0.0,0.0,4.0, negative
494,4.0,4.0,2.0,3.0,0.0,0.0,0.0,1.0,0.0,0.0,4.0, negative
495,4.0,4.0,3.0,4.0,4.0,2.0,4.0,4.0,1.0,4.0,1.0, negative
496,3.0,2.0,4.0,0.0,4.0,3.0,2.0,2.0,1.0,1.0,0.0, negative
497,1.0,1.0,3.0,1.0,4.0,0.0,0.0,0.0,1.0,3.0,3.0, negative
498,2.0,3.0,0.0,3.0,2.0,3.0,3.0,2.0,2.0,2.0,0.0, negative
499,4.0,2.0,1.0,2.0,1.0,2.0,2.0,2.0,2.0,2.0,4.0, negative
500,3.0,1.0,2.0,4.0,2.0,3.0,3.0,4.0,4.0,1.0,3.0, negative
501,4.0,3.0,3.0,1.0,0.0,0.0,1.0,0.0,3.0,2.0,4.0, negative
502,4.0,2.0,1.0,2.0,1.0,2.0,2.0,2.0,2.0,2.0,4.0, negative
503,4.0,1.0,3.0,0.0,1.0,0.0,0.0,0.0,1.0,0.0,4.0, negative
504,0.0,0.0,1.0,1.0,0.0,1.0,0.0,2.0,4.0,1.0,0.0, negative
505,4.0,1.0,3.0,0.0,1.0,0.0,0.0,0.0,1.0,0.0,4.0, negative
506,2.0,3.0,4.0,2.0,3.0,1.0,2.0,2.0,2.0,1.0,2.0, negative
507,2.0,3.0,4.0,2.0,3.0,2.0,2.0,2.0,2.0,1.0,2.0, negative
508,2.0,0.0,1.0,4.0,1.0,3.0,2.0,4.0,4.0,0.0,0.0, negative
509,2.0,0.0,1.0,4.0,1.0,3.0,2.0,4.0,4.0,0.0,0.0, negative
510,4.0,4.0,2.0,1.0,0.0,1.0,0.0,0.0,0.0,0.0,4.0, negative
511,4.0,4.0,2.0,1.0,0.0,1.0,0.0,0.0,0.0,0.0,4.0, negative
512,2.0,0.0,1.0,4.0,1.0,3.0,2.0,4.0,4.0,0.0,0.0, negative
513,2.0,2.0,4.0,3.0,1.0,4.0,4.0,3.0,3.0,4.0,2.0, negative
514,2.0,0.0,1.0,1.0,2.0,2.0,1.0,0.0,2.0,2.0,4.0, negative
515,4.0,2.0,1.0,1.0,3.0,1.0,1.0,1.0,2.0,1.0,3.0, negative
516,4.0,2.0,2.0,1.0,3.0,1.0,2.0,1.0,2.0,0.0,3.0, negative
517,2.0,1.0,1.0,2.0,1.0,3.0,3.0,2.0,4.0,4.0,2.0, negative
518,2.0,2.0,2.0,2.0,2.0,4.0,4.0,2.0,4.0,4.0,3.0, negative
519,4.0,0.0,3.0,1.0,2.0,2.0,1.0,3.0,4.0,2.0,3.0, negative
520,2.0,4.0,2.0,1.0,1.0,0.0,1.0,2.0,4.0,4.0,2.0, negative
521,4.0,2.0,2.0,3.0,0.0,0.0,0.0,2.0,0.0,1.0,4.0, negative
522,4.0,0.0,2.0,1.0,3.0,0.0,0.0,1.0,2.0,4.0,2.0, negative
523,3.0,1.0,0.0,2.0,2.0,4.0,3.0,2.0,2.0,0.0,2.0, negative
524,0.0,4.0,0.0,1.0,1.0,1.0,0.0,1.0,4.0,0.0,1.0, negative
525,2.0,0.0,4.0,4.0,3.0,1.0,1.0,4.0,0.0,0.0,2.0, negative
526,2.0,0.0,4.0,4.0,3.0,1.0,1.0,4.0,0.0,0.0,2.0, negative
527,4.0,2.0,3.0,3.0,2.0,2.0,2.0,4.0,4.0,2.0,1.0, negative
528,2.0,3.0,2.0,2.0,3.0,0.0,1.0,2.0,3.0,1.0,1.0, negative
529,2.0,1.0,2.0,3.0,2.0,2.0,2.0,4.0,4.0,1.0,2.0, negative
530,0.0,0.0,2.0,2.0,1.0,3.0,2.0,2.0,4.0,2.0,4.0, negative
531,0.0,3.0,2.0,3.0,2.0,1.0,4.0,4.0,2.0,2.0,0.0, negative
532,0.0,2.0,0.0,1.0,4.0,2.0,1.0,1.0,1.0,2.0,0.0, negative
533,2.0,3.0,2.0,2.0,3.0,0.0,1.0,2.0,3.0,1.0,1.0, negative
534,1.0,0.0,1.0,4.0,3.0,3.0,2.0,4.0,4.0,0.0,0.0, negative
535,1.0,0.0,1.0,4.0,3.0,3.0,2.0,4.0,4.0,0.0,0.0, negative
536,1.0,0.0,1.0,4.0,3.0,3.0,2.0,4.0,4.0,0.0,0.0, negative
537,0.0,3.0,0.0,1.0,3.0,1.0,0.0,1.0,4.0,4.0,3.0, negative
538,4.0,1.0,2.0,0.0,1.0,1.0,1.0,1.0,3.0,4.0,4.0, negative
539,2.0,1.0,1.0,3.0,4.0,3.0,2.0,3.0,0.0,0.0,0.0, negative
540,1.0,4.0,1.0,3.0,4.0,1.0,3.0,4.0,4.0,4.0,1.0, negative
541,4.0,3.0,3.0,1.0,4.0,3.0,4.0,2.0,1.0,4.0,2.0, negative
542,2.0,2.0,3.0,0.0,0.0,0.0,1.0,0.0,4.0,4.0,4.0, negative
543,2.0,3.0,1.0,1.0,1.0,1.0,2.0,0.0,4.0,0.0,4.0, negative
544,3.0,0.0,1.0,2.0,3.0,3.0,4.0,3.0,4.0,4.0,3.0, negative
545,3.0,0.0,1.0,2.0,3.0,3.0,4.0,3.0,4.0,4.0,3.0, negative
546,0.0,1.0,2.0,3.0,4.0,1.0,0.0,1.0,4.0,0.0,3.0, negative
547,3.0,3.0,4.0,4.0,4.0,0.0,0.0,3.0,0.0,0.0,1.0, negative
548,4.0,2.0,3.0,4.0,4.0,2.0,1.0,4.0,4.0,3.0,2.0, negative
549,4.0,2.0,3.0,4.0,4.0,2.0,1.0,4.0,4.0,3.0,2.0, negative
550,3.0,1.0,4.0,4.0,2.0,4.0,3.0,4.0,1.0,2.0,0.0, negative
551,1.0,2.0,0.0,4.0,1.0,1.0,2.0,3.0,1.0,3.0,4.0, negative
552,3.0,3.0,4.0,4.0,4.0,0.0,0.0,3.0,0.0,0.0,1.0, negative
553,4.0,2.0,3.0,4.0,4.0,2.0,1.0,4.0,4.0,3.0,2.0, negative
554,4.0,2.0,2.0,3.0,0.0,2.0,3.0,3.0,1.0,2.0,4.0, negative
555,4.0,0.0,1.0,4.0,0.0,4.0,1.0,4.0,0.0,0.0,4.0, negative
556,2.0,3.0,2.0,1.0,4.0,0.0,2.0,2.0,2.0,2.0,2.0, negative
557,2.0,3.0,2.0,1.0,4.0,0.0,2.0,2.0,2.0,2.0,2.0, negative
558,2.0,3.0,0.0,2.0,1.0,0.0,1.0,3.0,3.0,0.0,1.0, negative
559,4.0,3.0,4.0,4.0,3.0,3.0,3.0,4.0,2.0,3.0,1.0, negative
560,2.0,3.0,0.0,2.0,1.0,0.0,1.0,3.0,3.0,0.0,1.0, negative
561,4.0,3.0,4.0,4.0,3.0,3.0,3.0,4.0,2.0,3.0,1.0, negative
562,2.0,3.0,1.0,3.0,1.0,2.0,2.0,3.0,3.0,2.0,3.0, negative
563,1.0,2.0,1.0,2.0,1.0,2.0,2.0,2.0,3.0,2.0,2.0, negative
564,1.0,4.0,4.0,0.0,4.0,0.0,0.0,1.0,1.0,3.0,2.0, negative
565,2.0,1.0,0.0,0.0,4.0,0.0,1.0,1.0,1.0,1.0,2.0, negative
566,2.0,1.0,0.0,0.0,4.0,0.0,1.0,1.0,1.0,1.0,2.0, negative
567,3.0,1.0,0.0,3.0,3.0,4.0,4.0,3.0,2.0,3.0,2.0, negative
568,1.0,1.0,1.0,2.0,4.0,2.0,2.0,3.0,3.0,3.0,1.0, negative
569,3.0,1.0,0.0,3.0,3.0,4.0,4.0,3.0,2.0,3.0,2.0, negative
570,4.0,2.0,2.0,1.0,4.0,1.0,3.0,2.0,3.0,4.0,3.0, negative
571,4.0,4.0,2.0,3.0,4.0,2.0,3.0,3.0,4.0,4.0,3.0, negative
572,3.0,1.0,2.0,1.0,0.0,0.0,1.0,0.0,3.0,2.0,4.0, negative
573,3.0,1.0,2.0,1.0,0.0,0.0,1.0,0.0,3.0,2.0,4.0, negative
574,4.0,2.0,3.0,0.0,3.0,0.0,0.0,1.0,4.0,4.0,3.0, negative
575,4.0,2.0,4.0,3.0,2.0,4.0,3.0,4.0,1.0,2.0,0.0, negative
576,1.0,4.0,3.0,1.0,2.0,0.0,3.0,2.0,4.0,3.0,2.0, negative
577,3.0,1.0,3.0,2.0,4.0,1.0,0.0,2.0,2.0,4.0,2.0, negative
578,3.0,2.0,0.0,2.0,1.0,3.0,3.0,2.0,2.0,3.0,2.0, negative
579,3.0,2.0,0.0,3.0,1.0,3.0,3.0,3.0,2.0,2.0,1.0, negative
580,3.0,2.0,0.0,2.0,1.0,3.0,3.0,2.0,2.0,3.0,2.0, negative
581,0.0,1.0,4.0,3.0,4.0,3.0,3.0,3.0,0.0,3.0,0.0, negative
582,1.0,2.0,0.0,2.0,2.0,3.0,3.0,3.0,3.0,2.0,0.0, negative
583,3.0,2.0,0.0,2.0,2.0,3.0,3.0,2.0,2.0,3.0,2.0, negative
584,1.0,2.0,0.0,2.0,2.0,3.0,3.0,3.0,3.0,2.0,0.0, negative
585,3.0,0.0,3.0,0.0,1.0,1.0,1.0,0.0,0.0,4.0,3.0, negative
586,4.0,4.0,1.0,3.0,2.0,4.0,4.0,3.0,3.0,2.0,1.0, negative
587,4.0,4.0,1.0,3.0,2.0,4.0,4.0,3.0,3.0,2.0,1.0, negative
588,2.0,2.0,0.0,4.0,4.0,3.0,2.0,4.0,1.0,2.0,0.0, negative
589,2.0,2.0,0.0,4.0,4.0,3.0,2.0,4.0,1.0,2.0,0.0, negative
590,4.0,4.0,2.0,2.0,0.0,1.0,3.0,2.0,1.0,1.0,4.0, negative
591,0.0,4.0,2.0,2.0,3.0,0.0,0.0,2.0,4.0,2.0,3.0, negative
592,3.0,4.0,4.0,0.0,4.0,3.0,2.0,2.0,1.0,4.0,0.0, negative
593,3.0,3.0,1.0,4.0,2.0,4.0,4.0,4.0,1.0,4.0,2.0, negative
594,3.0,3.0,1.0,4.0,2.0,4.0,4.0,4.0,1.0,4.0,2.0, negative
595,3.0,3.0,1.0,4.0,2.0,4.0,4.0,4.0,1.0,4.0,2.0, negative
596,2.0,4.0,1.0,1.0,4.0,3.0,2.0,2.0,2.0,2.0,2.0, negative
597,3.0,3.0,1.0,4.0,2.0,4.0,4.0,4.0,1.0,4.0,2.0, negative
598,2.0,0.0,1.0,3.0,4.0,1.0,1.0,4.0,4.0,2.0,2.0, negative
599,0.0,2.0,0.0,1.0,2.0,0.0,1.0,1.0,3.0,4.0,3.0, negative
600,2.0,0.0,4.0,4.0,3.0,2.0,2.0,4.0,0.0,1.0,1.0, negative
601,4.0,2.0,2.0,1.0,2.0,2.0,2.0,2.0,1.0,2.0,1.0, negative
602,2.0,0.0,4.0,4.0,3.0,2.0,2.0,4.0,0.0,1.0,1.0, negative
603,4.0,2.0,2.0,1.0,2.0,2.0,2.0,2.0,1.0,2.0,1.0, negative
604,3.0,1.0,4.0,3.0,2.0,3.0,2.0,4.0,2.0,1.0,0.0, negative
605,0.0,4.0,0.0,0.0,3.0,0.0,3.0,1.0,4.0,4.0,3.0, negative
606,2.0,2.0,0.0,2.0,2.0,4.0,4.0,3.0,3.0,2.0,2.0, negative
607,2.0,3.0,4.0,3.0,0.0,1.0,0.0,3.0,1.0,0.0,2.0, negative
608,2.0,3.0,4.0,3.0,0.0,1.0,0.0,3.0,1.0,0.0,2.0, negative
609,4.0,2.0,3.0,1.0,3.0,2.0,3.0,2.0,3.0,3.0,3.0, negative
610,3.0,2.0,2.0,0.0,0.0,2.0,2.0,0.0,0.0,1.0,4.0, negative
611,3.0,1.0,3.0,4.0,4.0,4.0,4.0,4.0,4.0,1.0,0.0, negative
612,2.0,1.0,0.0,1.0,1.0,4.0,4.0,1.0,4.0,4.0,4.0, negative
613,4.0,4.0,3.0,3.0,4.0,1.0,3.0,4.0,1.0,4.0,2.0, negative
614,4.0,3.0,0.0,4.0,2.0,3.0,4.0,4.0,4.0,4.0,3.0, negative
615,4.0,0.0,3.0,0.0,0.0,1.0,0.0,0.0,3.0,0.0,4.0, negative
616,3.0,3.0,1.0,4.0,1.0,4.0,4.0,4.0,0.0,4.0,2.0, negative
617,4.0,1.0,4.0,1.0,3.0,0.0,0.0,2.0,4.0,4.0,2.0, negative
618,2.0,1.0,1.0,4.0,3.0,3.0,3.0,4.0,4.0,1.0,2.0, negative
619,2.0,3.0,1.0,0.0,4.0,3.0,4.0,2.0,4.0,3.0,1.0, negative
620,4.0,3.0,3.0,1.0,4.0,1.0,2.0,1.0,3.0,1.0,3.0, negative
621,3.0,3.0,4.0,2.0,3.0,3.0,4.0,3.0,1.0,3.0,0.0, negative
622,4.0,0.0,4.0,4.0,1.0,4.0,2.0,4.0,0.0,1.0,0.0, negative
623,1.0,4.0,4.0,4.0,4.0,4.0,4.0,4.0,4.0,2.0,0.0, negative
624,2.0,2.0,2.0,1.0,4.0,1.0,4.0,3.0,4.0,4.0,3.0, negative
625,4.0,2.0,1.0,4.0,2.0,1.0,4.0,4.0,0.0,4.0,1.0, negative
626,4.0,0.0,4.0,1.0,2.0,1.0,1.0,2.0,0.0,4.0,2.0, negative
627,3.0,4.0,0.0,4.0,1.0,3.0,4.0,3.0,1.0,3.0,1.0, negative
628,4.0,1.0,2.0,1.0,3.0,1.0,0.0,1.0,0.0,3.0,3.0, negative
629,3.0,4.0,0.0,3.0,1.0,3.0,4.0,3.0,2.0,2.0,0.0, negative
630,2.0,1.0,3.0,3.0,2.0,4.0,4.0,3.0,4.0,4.0,2.0, negative
631,0.0,4.0,0.0,2.0,4.0,1.0,4.0,4.0,4.0,4.0,1.0, negative
632,0.0,4.0,0.0,2.0,4.0,1.0,4.0,4.0,4.0,4.0,1.0, negative
633,1.0,2.0,0.0,3.0,1.0,4.0,4.0,2.0,3.0,2.0,2.0, negative
634,1.0,2.0,0.0,2.0,2.0,3.0,3.0,2.0,3.0,1.0,0.0, negative
635,1.0,2.0,0.0,3.0,1.0,4.0,4.0,2.0,3.0,2.0,2.0, negative
636,2.0,4.0,1.0,3.0,4.0,2.0,3.0,3.0,2.0,1.0,2.0, negative
637,2.0,4.0,1.0,3.0,4.0,2.0,3.0,3.0,2.0,1.0,2.0, negative
638,2.0,4.0,1.0,2.0,4.0,3.0,2.0,1.0,2.0,2.0,3.0, negative
639,4.0,2.0,2.0,4.0,4.0,2.0,4.0,4.0,0.0,2.0,1.0, negative
640,2.0,3.0,2.0,1.0,3.0,3.0,4.0,1.0,2.0,4.0,3.0, negative
641,4.0,2.0,2.0,4.0,4.0,2.0,4.0,4.0,0.0,2.0,1.0, negative
642,2.0,3.0,2.0,1.0,3.0,3.0,4.0,1.0,2.0,4.0,3.0, negative
643,2.0,3.0,2.0,1.0,3.0,3.0,4.0,1.0,2.0,4.0,3.0, negative
644,2.0,4.0,0.0,3.0,0.0,2.0,2.0,3.0,4.0,3.0,2.0, negative
645,2.0,4.0,0.0,3.0,0.0,2.0,2.0,3.0,4.0,3.0,2.0, negative
646,3.0,2.0,2.0,4.0,0.0,4.0,4.0,4.0,4.0,4.0,0.0, negative
647,2.0,3.0,1.0,4.0,2.0,2.0,2.0,4.0,1.0,3.0,1.0, negative
648,2.0,3.0,1.0,4.0,2.0,2.0,2.0,4.0,1.0,3.0,1.0, negative
649,4.0,1.0,2.0,1.0,3.0,0.0,0.0,1.0,0.0,2.0,2.0, negative
650,4.0,1.0,2.0,1.0,3.0,0.0,0.0,1.0,0.0,2.0,2.0, negative
651,0.0,1.0,0.0,0.0,3.0,2.0,1.0,1.0,1.0,2.0,0.0, negative
652,3.0,2.0,4.0,3.0,1.0,4.0,2.0,4.0,0.0,1.0,0.0, negative
653,2.0,3.0,0.0,0.0,2.0,2.0,1.0,1.0,3.0,1.0,2.0, negative
654,4.0,1.0,2.0,0.0,4.0,2.0,3.0,1.0,1.0,3.0,2.0, negative
655,3.0,4.0,0.0,1.0,4.0,1.0,1.0,2.0,3.0,3.0,3.0, negative
656,2.0,3.0,2.0,0.0,2.0,1.0,1.0,1.0,3.0,4.0,3.0, negative
657,1.0,2.0,0.0,2.0,3.0,4.0,4.0,3.0,2.0,2.0,0.0, negative
658,2.0,1.0,2.0,3.0,4.0,2.0,1.0,3.0,0.0,2.0,0.0, negative
659,0.0,0.0,1.0,2.0,4.0,3.0,4.0,2.0,3.0,1.0,2.0, negative
660,1.0,0.0,0.0,1.0,1.0,3.0,2.0,0.0,3.0,2.0,3.0, negative
661,2.0,0.0,3.0,4.0,2.0,2.0,1.0,4.0,4.0,2.0,0.0, negative
662,2.0,0.0,3.0,4.0,2.0,2.0,1.0,4.0,4.0,2.0,0.0, negative
663,2.0,0.0,3.0,4.0,2.0,2.0,1.0,4.0,4.0,2.0,0.0, negative
664,4.0,2.0,4.0,3.0,3.0,0.0,1.0,3.0,1.0,4.0,0.0, negative
665,2.0,3.0,3.0,0.0,0.0,0.0,2.0,0.0,1.0,3.0,3.0, negative
666,1.0,1.0,4.0,3.0,1.0,4.0,4.0,3.0,3.0,3.0,1.0, negative
667,3.0,4.0,1.0,4.0,3.0,1.0,3.0,4.0,2.0,2.0,2.0, negative
668,4.0,0.0,3.0,1.0,3.0,3.0,3.0,1.0,3.0,1.0,4.0, negative
669,2.0,4.0,0.0,4.0,1.0,1.0,2.0,4.0,3.0,2.0,0.0, negative
670,1.0,0.0,2.0,3.0,2.0,4.0,2.0,2.0,3.0,0.0,4.0, negative
671,0.0,2.0,0.0,1.0,0.0,1.0,0.0,0.0,4.0,3.0,3.0, negative
672,4.0,2.0,2.0,3.0,0.0,2.0,3.0,3.0,2.0,2.0,4.0, negative
673,4.0,2.0,2.0,3.0,0.0,1.0,3.0,3.0,2.0,2.0,4.0, negative
674,2.0,4.0,3.0,2.0,2.0,1.0,3.0,3.0,4.0,3.0,2.0, negative
675,0.0,3.0,0.0,1.0,3.0,1.0,1.0,2.0,3.0,2.0,2.0, negative
676,3.0,0.0,4.0,4.0,3.0,3.0,4.0,4.0,1.0,4.0,1.0, negative
677,0.0,3.0,0.0,1.0,3.0,1.0,1.0,2.0,3.0,2.0,2.0, negative
678,2.0,4.0,4.0,3.0,2.0,0.0,0.0,3.0,1.0,2.0,2.0, negative
679,4.0,1.0,4.0,4.0,0.0,4.0,3.0,4.0,0.0,3.0,0.0, negative
680,0.0,1.0,4.0,0.0,4.0,0.0,1.0,1.0,3.0,1.0,2.0, negative
681,2.0,2.0,0.0,3.0,3.0,2.0,1.0,3.0,1.0,2.0,2.0, negative
682,0.0,1.0,4.0,0.0,4.0,0.0,1.0,1.0,3.0,1.0,2.0, negative
683,3.0,4.0,0.0,4.0,2.0,4.0,4.0,4.0,2.0,2.0,0.0, negative
684,2.0,1.0,1.0,1.0,0.0,2.0,1.0,0.0,4.0,2.0,4.0, negative
685,2.0,0.0,1.0,0.0,0.0,0.0,0.0,1.0,4.0,2.0,3.0, negative
686,1.0,3.0,3.0,1.0,0.0,2.0,3.0,2.0,2.0,2.0,2.0, negative
687,2.0,1.0,1.0,1.0,1.0,4.0,2.0,0.0,2.0,3.0,4.0, negative
688,2.0,1.0,3.0,3.0,0.0,4.0,4.0,2.0,2.0,3.0,2.0, negative
689,4.0,2.0,1.0,4.0,3.0,2.0,3.0,4.0,3.0,3.0,3.0, negative
690,3.0,3.0,2.0,1.0,0.0,2.0,2.0,1.0,3.0,4.0,4.0, negative
691,1.0,0.0,2.0,3.0,2.0,3.0,2.0,2.0,3.0,0.0,4.0, negative
692,4.0,4.0,2.0,0.0,1.0,0.0,3.0,1.0,3.0,0.0,4.0, negative
693,4.0,2.0,2.0,1.0,2.0,1.0,4.0,1.0,3.0,4.0,3.0, negative
694,0.0,1.0,2.0,4.0,0.0,4.0,3.0,4.0,4.0,4.0,2.0, negative
695,2.0,4.0,4.0,3.0,3.0,2.0,2.0,3.0,1.0,1.0,2.0, negative
696,1.0,2.0,1.0,4.0,1.0,3.0,2.0,4.0,2.0,0.0,0.0, negative
697,2.0,4.0,4.0,3.0,3.0,2.0,2.0,3.0,1.0,1.0,2.0, negative
698,0.0,0.0,3.0,1.0,0.0,1.0,0.0,0.0,4.0,2.0,4.0, negative
699,0.0,0.0,0.0,0.0,0.0,4.0,2.0,1.0,4.0,1.0,0.0, negative
700,0.0,4.0,0.0,0.0,1.0,4.0,4.0,0.0,4.0,1.0,4.0, negative
701,2.0,4.0,0.0,4.0,4.0,4.0,3.0,4.0,2.0,2.0,0.0, negative
702,4.0,3.0,4.0,4.0,1.0,1.0,4.0,4.0,0.0,4.0,0.0, negative
703,3.0,1.0,1.0,3.0,0.0,3.0,3.0,4.0,3.0,1.0,0.0, negative
704,4.0,3.0,4.0,4.0,1.0,1.0,4.0,4.0,0.0,4.0,0.0, negative
705,0.0,0.0,3.0,4.0,1.0,4.0,2.0,3.0,3.0,0.0,4.0, negative
706,4.0,1.0,3.0,2.0,4.0,0.0,0.0,2.0,2.0,4.0,2.0, negative
707,0.0,0.0,1.0,0.0,0.0,3.0,1.0,0.0,3.0,3.0,1.0, negative
708,2.0,3.0,3.0,2.0,4.0,3.0,2.0,2.0,1.0,3.0,2.0, negative
709,1.0,4.0,1.0,1.0,4.0,1.0,2.0,1.0,2.0,1.0,1.0, negative
710,2.0,1.0,3.0,2.0,2.0,3.0,3.0,2.0,3.0,2.0,1.0, negative
711,3.0,3.0,0.0,0.0,1.0,1.0,2.0,1.0,2.0,1.0,2.0, negative
712,3.0,3.0,0.0,0.0,1.0,1.0,2.0,1.0,2.0,1.0,2.0, negative
713,2.0,1.0,3.0,2.0,1.0,4.0,4.0,2.0,3.0,2.0,1.0, negative
714,1.0,1.0,3.0,4.0,0.0,3.0,1.0,4.0,4.0,1.0,0.0, negative
715,1.0,1.0,3.0,4.0,0.0,3.0,1.0,4.0,4.0,1.0,0.0, negative
716,1.0,1.0,3.0,4.0,0.0,3.0,1.0,4.0,4.0,1.0,0.0, negative
717,4.0,1.0,2.0,4.0,1.0,4.0,3.0,4.0,3.0,4.0,0.0, negative
718,4.0,1.0,2.0,4.0,1.0,4.0,3.0,4.0,3.0,4.0,0.0, negative
719,0.0,0.0,0.0,0.0,2.0,1.0,2.0,1.0,4.0,1.0,3.0, negative
720,1.0,0.0,4.0,2.0,2.0,3.0,3.0,2.0,3.0,2.0,1.0, negative
721,4.0,1.0,2.0,4.0,1.0,4.0,3.0,4.0,3.0,4.0,0.0, negative
722,4.0,4.0,4.0,4.0,1.0,1.0,3.0,4.0,0.0,4.0,1.0, negative
723,2.0,1.0,2.0,4.0,2.0,4.0,2.0,3.0,3.0,1.0,4.0, negative
724,2.0,2.0,0.0,2.0,4.0,3.0,4.0,4.0,2.0,3.0,1.0, negative
725,4.0,4.0,3.0,2.0,3.0,2.0,3.0,4.0,1.0,3.0,2.0, negative
726,2.0,4.0,3.0,3.0,4.0,1.0,1.0,3.0,3.0,0.0,1.0, negative
727,2.0,4.0,3.0,3.0,4.0,1.0,1.0,3.0,3.0,0.0,1.0, negative
728,2.0,3.0,0.0,2.0,4.0,3.0,4.0,3.0,4.0,2.0,1.0, negative
729,0.0,0.0,1.0,1.0,0.0,0.0,0.0,2.0,4.0,2.0,1.0, negative
730,0.0,1.0,0.0,0.0,4.0,3.0,2.0,1.0,2.0,3.0,0.0, negative
731,3.0,3.0,3.0,0.0,3.0,0.0,3.0,0.0,3.0,1.0,4.0, negative
732,3.0,3.0,3.0,0.0,3.0,0.0,3.0,0.0,3.0,1.0,4.0, negative
733,2.0,0.0,3.0,1.0,0.0,3.0,0.0,0.0,1.0,2.0,4.0, negative
734,1.0,1.0,1.0,4.0,4.0,2.0,2.0,4.0,2.0,3.0,1.0, negative
735,1.0,1.0,1.0,4.0,4.0,2.0,2.0,4.0,2.0,3.0,1.0, negative
736,2.0,4.0,3.0,2.0,4.0,3.0,3.0,2.0,1.0,3.0,2.0, negative
737,2.0,4.0,3.0,2.0,4.0,3.0,3.0,2.0,1.0,3.0,2.0, negative
738,2.0,1.0,4.0,3.0,2.0,3.0,3.0,2.0,3.0,3.0,2.0, negative
739,2.0,1.0,4.0,2.0,2.0,4.0,4.0,3.0,3.0,2.0,1.0, negative
740,2.0,1.0,4.0,3.0,2.0,3.0,3.0,2.0,3.0,3.0,2.0, negative
741,3.0,0.0,4.0,3.0,1.0,4.0,2.0,4.0,0.0,2.0,0.0, negative
742,3.0,2.0,2.0,1.0,0.0,1.0,1.0,1.0,2.0,4.0,4.0, negative
743,2.0,4.0,1.0,0.0,0.0,0.0,0.0,0.0,3.0,0.0,4.0, negative
744,3.0,0.0,3.0,1.0,3.0,1.0,1.0,0.0,3.0,2.0,4.0, negative
745,2.0,3.0,4.0,0.0,4.0,3.0,1.0,1.0,0.0,0.0,1.0, negative
746,2.0,4.0,4.0,2.0,4.0,3.0,4.0,3.0,4.0,4.0,3.0, negative
747,1.0,0.0,1.0,3.0,1.0,1.0,2.0,2.0,3.0,1.0,4.0, negative
748,3.0,1.0,2.0,4.0,1.0,2.0,3.0,3.0,2.0,0.0,4.0, negative
749,2.0,0.0,2.0,3.0,3.0,4.0,2.0,2.0,3.0,1.0,4.0, negative
750,2.0,4.0,3.0,2.0,4.0,2.0,3.0,2.0,1.0,1.0,2.0, negative
751,4.0,0.0,2.0,2.0,2.0,1.0,0.0,1.0,1.0,1.0,4.0, negative
752,0.0,0.0,2.0,0.0,0.0,3.0,0.0,0.0,4.0,1.0,4.0, negative
753,2.0,3.0,0.0,1.0,0.0,4.0,2.0,0.0,2.0,1.0,3.0, negative
754,4.0,4.0,3.0,3.0,4.0,1.0,4.0,4.0,0.0,4.0,2.0, negative
755,2.0,1.0,2.0,4.0,3.0,4.0,1.0,4.0,0.0,3.0,0.0, negative
756,4.0,0.0,3.0,0.0,1.0,2.0,2.0,0.0,1.0,1.0,4.0, negative
757,0.0,1.0,1.0,0.0,0.0,0.0,1.0,0.0,0.0,0.0,4.0, negative
758,1.0,0.0,2.0,4.0,1.0,4.0,1.0,3.0,3.0,0.0,4.0, negative
759,1.0,0.0,4.0,2.0,2.0,4.0,2.0,2.0,0.0,1.0,1.0, negative
760,2.0,1.0,2.0,2.0,1.0,2.0,1.0,1.0,3.0,0.0,3.0, negative
761,2.0,4.0,2.0,1.0,1.0,0.0,0.0,0.0,2.0,1.0,4.0, negative
762,1.0,0.0,1.0,1.0,0.0,1.0,0.0,0.0,4.0,4.0,4.0, negative
763,2.0,4.0,4.0,3.0,3.0,4.0,4.0,4.0,3.0,3.0,0.0, negative
764,2.0,3.0,3.0,2.0,3.0,3.0,4.0,3.0,4.0,3.0,3.0, negative
765,2.0,4.0,4.0,3.0,3.0,4.0,4.0,4.0,3.0,3.0,0.0, negative
766,4.0,0.0,1.0,0.0,0.0,1.0,0.0,0.0,0.0,0.0,4.0, negative
767,0.0,0.0,1.0,4.0,3.0,4.0,2.0,4.0,4.0,2.0,0.0, negative
768,2.0,1.0,4.0,2.0,2.0,4.0,3.0,3.0,3.0,2.0,1.0, negative
769,0.0,4.0,0.0,3.0,0.0,2.0,2.0,3.0,4.0,3.0,2.0, negative
770,4.0,0.0,2.0,0.0,2.0,3.0,4.0,1.0,0.0,0.0,1.0, negative
771,0.0,0.0,2.0,0.0,0.0,0.0,0.0,0.0,4.0,1.0,3.0, negative
772,0.0,0.0,1.0,0.0,0.0,0.0,0.0,0.0,4.0,1.0,3.0, negative
773,4.0,1.0,2.0,2.0,0.0,4.0,4.0,2.0,1.0,3.0,3.0, negative
774,3.0,2.0,2.0,3.0,0.0,0.0,0.0,2.0,1.0,4.0,4.0, negative
775,0.0,2.0,1.0,1.0,1.0,0.0,0.0,1.0,1.0,4.0,0.0, negative
776,3.0,0.0,0.0,1.0,1.0,0.0,0.0,2.0,4.0,3.0,3.0, negative
777,0.0,2.0,1.0,1.0,1.0,0.0,0.0,1.0,1.0,3.0,0.0, negative
778,0.0,2.0,1.0,1.0,1.0,0.0,0.0,1.0,1.0,4.0,0.0, negative
779,3.0,3.0,1.0,2.0,1.0,1.0,1.0,1.0,2.0,1.0,4.0, negative
780,3.0,0.0,0.0,1.0,1.0,0.0,0.0,2.0,4.0,3.0,3.0, negative
781,4.0,3.0,2.0,0.0,0.0,3.0,2.0,0.0,0.0,0.0,4.0, negative
782,4.0,3.0,2.0,0.0,0.0,3.0,2.0,0.0,0.0,0.0,4.0, negative
783,3.0,1.0,1.0,1.0,3.0,0.0,1.0,0.0,1.0,1.0,3.0, negative
784,2.0,1.0,2.0,0.0,4.0,2.0,4.0,1.0,2.0,3.0,2.0, negative
785,4.0,4.0,0.0,1.0,3.0,1.0,1.0,1.0,1.0,0.0,2.0, negative
786,3.0,3.0,0.0,3.0,0.0,3.0,2.0,2.0,1.0,2.0,3.0, negative
787,2.0,0.0,4.0,1.0,0.0,0.0,0.0,0.0,4.0,2.0,4.0, negative
788,2.0,2.0,2.0,1.0,3.0,1.0,4.0,2.0,4.0,4.0,3.0, negative
789,1.0,0.0,3.0,3.0,2.0,4.0,1.0,2.0,3.0,0.0,4.0, negative
790,3.0,3.0,3.0,3.0,4.0,3.0,4.0,3.0,0.0,4.0,2.0, negative
791,3.0,3.0,3.0,3.0,4.0,3.0,4.0,3.0,0.0,4.0,2.0, negative
792,4.0,0.0,3.0,1.0,1.0,1.0,0.0,1.0,1.0,2.0,2.0, negative
793,2.0,2.0,3.0,0.0,0.0,0.0,0.0,0.0,2.0,1.0,4.0, negative
794,3.0,2.0,3.0,2.0,0.0,1.0,1.0,0.0,2.0,4.0,4.0, negative
795,0.0,1.0,4.0,2.0,2.0,4.0,3.0,2.0,3.0,4.0,3.0, negative
796,0.0,1.0,4.0,2.0,2.0,4.0,3.0,2.0,3.0,4.0,3.0, negative
797,0.0,1.0,4.0,2.0,2.0,4.0,3.0,2.0,3.0,4.0,3.0, negative
798,3.0,0.0,4.0,3.0,0.0,4.0,3.0,4.0,0.0,2.0,0.0, negative
799,3.0,0.0,4.0,3.0,0.0,4.0,3.0,4.0,0.0,2.0,0.0, negative
800,2.0,1.0,3.0,1.0,1.0,3.0,1.0,0.0,3.0,1.0,4.0, negative
801,1.0,2.0,2.0,1.0,1.0,1.0,1.0,1.0,0.0,1.0,0.0, negative
802,0.0,1.0,3.0,2.0,2.0,4.0,4.0,2.0,2.0,2.0,1.0, negative
803,3.0,2.0,3.0,1.0,0.0,2.0,0.0,0.0,0.0,0.0,4.0, negative
804,2.0,3.0,2.0,1.0,0.0,0.0,1.0,0.0,4.0,4.0,4.0, negative
805,0.0,1.0,4.0,2.0,2.0,4.0,3.0,2.0,3.0,4.0,3.0, negative
806,4.0,0.0,4.0,1.0,2.0,1.0,1.0,0.0,2.0,2.0,4.0, negative
807,4.0,3.0,4.0,4.0,2.0,2.0,2.0,3.0,0.0,3.0,3.0, negative
808,4.0,1.0,2.0,1.0,1.0,1.0,1.0,1.0,1.0,4.0,3.0, negative
809,0.0,0.0,3.0,0.0,0.0,0.0,0.0,0.0,1.0,0.0,4.0, negative
810,4.0,1.0,2.0,1.0,1.0,1.0,1.0,1.0,1.0,4.0,3.0, negative
811,0.0,0.0,0.0,2.0,0.0,0.0,0.0,0.0,4.0,1.0,4.0, negative
812,3.0,1.0,3.0,3.0,3.0,3.0,2.0,2.0,1.0,2.0,3.0, negative
813,4.0,2.0,3.0,1.0,1.0,0.0,0.0,1.0,2.0,4.0,4.0, negative
814,1.0,3.0,1.0,4.0,4.0,4.0,4.0,4.0,1.0,2.0,0.0, negative
815,0.0,0.0,1.0,0.0,1.0,3.0,0.0,0.0,4.0,0.0,4.0, negative
816,0.0,0.0,1.0,0.0,1.0,3.0,0.0,0.0,4.0,0.0,4.0, negative
817,0.0,0.0,3.0,4.0,0.0,1.0,1.0,3.0,0.0,2.0,2.0, negative
818,0.0,4.0,0.0,2.0,3.0,3.0,2.0,1.0,4.0,1.0,4.0, negative
819,0.0,0.0,2.0,0.0,0.0,1.0,1.0,0.0,3.0,2.0,3.0, negative
820,2.0,0.0,2.0,1.0,0.0,3.0,2.0,0.0,2.0,0.0,3.0, negative
821,0.0,0.0,2.0,0.0,0.0,1.0,1.0,0.0,3.0,2.0,3.0, negative
822,0.0,0.0,2.0,0.0,0.0,0.0,0.0,0.0,4.0,2.0,4.0, negative
823,2.0,2.0,2.0,2.0,0.0,2.0,3.0,3.0,4.0,1.0,1.0, negative
824,2.0,1.0,1.0,1.0,2.0,2.0,3.0,1.0,4.0,4.0,4.0, negative
825,1.0,0.0,2.0,4.0,1.0,4.0,2.0,3.0,1.0,0.0,4.0, negative
826,0.0,3.0,1.0,2.0,3.0,2.0,0.0,2.0,2.0,3.0,0.0, negative
827,1.0,1.0,2.0,0.0,1.0,1.0,1.0,0.0,3.0,0.0,4.0, negative
828,0.0,3.0,1.0,2.0,3.0,2.0,0.0,2.0,2.0,3.0,0.0, negative
829,4.0,4.0,4.0,1.0,4.0,1.0,0.0,0.0,0.0,4.0,4.0, negative
830,4.0,2.0,2.0,1.0,4.0,2.0,1.0,1.0,1.0,0.0,3.0, negative
831,3.0,4.0,3.0,1.0,1.0,4.0,4.0,0.0,0.0,3.0,4.0, negative
832,1.0,3.0,2.0,1.0,0.0,1.0,0.0,0.0,3.0,1.0,4.0, negative
833,2.0,4.0,3.0,3.0,4.0,3.0,4.0,3.0,4.0,4.0,2.0, negative
834,1.0,0.0,2.0,1.0,1.0,1.0,1.0,0.0,1.0,0.0,3.0, negative
835,0.0,0.0,2.0,0.0,1.0,3.0,1.0,0.0,4.0,4.0,4.0, negative
836,2.0,4.0,3.0,3.0,4.0,3.0,4.0,3.0,4.0,4.0,2.0, negative
837,1.0,0.0,2.0,1.0,1.0,1.0,1.0,0.0,1.0,0.0,3.0, negative
838,2.0,2.0,3.0,3.0,1.0,4.0,4.0,2.0,2.0,2.0,2.0, negative
839,4.0,1.0,3.0,0.0,1.0,0.0,0.0,0.0,1.0,0.0,4.0, negative
840,2.0,2.0,3.0,2.0,2.0,4.0,4.0,2.0,2.0,2.0,2.0, negative
841,2.0,2.0,3.0,2.0,2.0,4.0,4.0,2.0,2.0,2.0,2.0, negative
842,2.0,2.0,3.0,3.0,1.0,4.0,4.0,2.0,2.0,2.0,2.0, negative
843,1.0,1.0,4.0,2.0,2.0,4.0,3.0,2.0,2.0,2.0,1.0, negative
844,4.0,1.0,3.0,0.0,1.0,0.0,0.0,0.0,1.0,0.0,4.0, negative
845,0.0,0.0,1.0,0.0,2.0,3.0,2.0,0.0,4.0,2.0,3.0, negative
846,3.0,2.0,3.0,4.0,3.0,2.0,1.0,3.0,1.0,3.0,3.0, negative
847,2.0,0.0,1.0,1.0,1.0,4.0,3.0,0.0,2.0,1.0,3.0, negative
848,1.0,1.0,2.0,0.0,0.0,0.0,1.0,0.0,4.0,1.0,4.0, negative
849,1.0,1.0,2.0,2.0,4.0,2.0,0.0,0.0,2.0,1.0,4.0, negative
850,4.0,4.0,4.0,3.0,2.0,4.0,4.0,4.0,0.0,1.0,1.0, negative
851,1.0,1.0,4.0,2.0,2.0,3.0,4.0,2.0,3.0,3.0,1.0, negative
852,2.0,1.0,4.0,2.0,2.0,3.0,3.0,2.0,3.0,3.0,1.0, negative
853,0.0,3.0,2.0,2.0,3.0,3.0,3.0,3.0,4.0,4.0,2.0, negative
854,4.0,2.0,1.0,2.0,0.0,3.0,0.0,0.0,0.0,2.0,4.0, negative
855,0.0,3.0,2.0,2.0,3.0,3.0,3.0,3.0,4.0,4.0,2.0, negative
856,4.0,2.0,4.0,4.0,4.0,2.0,2.0,4.0,0.0,1.0,0.0, negative
857,3.0,0.0,3.0,4.0,3.0,3.0,2.0,4.0,4.0,4.0,1.0, negative
858,4.0,2.0,2.0,1.0,1.0,3.0,1.0,0.0,3.0,0.0,4.0, negative
859,2.0,4.0,0.0,3.0,3.0,1.0,1.0,2.0,3.0,2.0,2.0, negative
860,2.0,2.0,4.0,4.0,4.0,4.0,4.0,4.0,1.0,3.0,1.0, negative
861,2.0,0.0,2.0,0.0,1.0,2.0,0.0,0.0,2.0,4.0,4.0, negative
862,3.0,1.0,1.0,0.0,1.0,2.0,0.0,0.0,2.0,3.0,4.0, negative
863,2.0,2.0,4.0,4.0,4.0,4.0,4.0,4.0,1.0,3.0,1.0, negative
864,4.0,1.0,4.0,2.0,2.0,0.0,1.0,3.0,3.0,4.0,3.0, negative
865,0.0,4.0,0.0,0.0,1.0,4.0,3.0,0.0,1.0,3.0,4.0, negative
866,2.0,2.0,3.0,2.0,2.0,3.0,3.0,2.0,1.0,3.0,2.0, negative
867,2.0,1.0,1.0,3.0,2.0,4.0,4.0,3.0,0.0,2.0,0.0, negative
868,0.0,0.0,2.0,0.0,2.0,2.0,1.0,0.0,4.0,2.0,3.0, negative
869,2.0,2.0,4.0,4.0,3.0,2.0,3.0,4.0,2.0,4.0,1.0, negative
870,2.0,2.0,4.0,4.0,3.0,2.0,3.0,4.0,2.0,4.0,1.0, negative
871,0.0,1.0,0.0,3.0,2.0,4.0,4.0,2.0,0.0,0.0,1.0, negative
872,2.0,3.0,3.0,2.0,2.0,4.0,3.0,2.0,3.0,2.0,2.0, negative
873,0.0,1.0,0.0,3.0,2.0,4.0,4.0,2.0,0.0,0.0,1.0, negative
874,3.0,3.0,3.0,2.0,2.0,3.0,3.0,2.0,2.0,3.0,2.0, negative
875,1.0,2.0,4.0,2.0,2.0,3.0,3.0,2.0,2.0,2.0,1.0, negative
876,3.0,3.0,3.0,2.0,2.0,3.0,3.0,2.0,2.0,3.0,2.0, negative
877,1.0,2.0,4.0,2.0,2.0,3.0,3.0,2.0,2.0,2.0,1.0, negative
878,3.0,2.0,3.0,4.0,2.0,2.0,2.0,3.0,2.0,4.0,4.0, negative
879,3.0,2.0,0.0,2.0,0.0,2.0,2.0,0.0,0.0,0.0,4.0, negative
880,1.0,2.0,3.0,0.0,3.0,1.0,3.0,0.0,4.0,2.0,4.0, negative
881,1.0,4.0,1.0,2.0,2.0,3.0,2.0,3.0,1.0,4.0,1.0, negative
882,2.0,3.0,4.0,3.0,4.0,2.0,3.0,3.0,0.0,2.0,2.0, negative
883,1.0,4.0,1.0,2.0,2.0,3.0,2.0,3.0,1.0,4.0,1.0, negative
884,2.0,2.0,2.0,0.0,1.0,1.0,1.0,0.0,3.0,3.0,4.0, negative
885,4.0,3.0,4.0,3.0,1.0,4.0,4.0,4.0,0.0,3.0,1.0, negative
886,2.0,2.0,2.0,0.0,1.0,1.0,1.0,0.0,3.0,3.0,4.0, negative
887,1.0,4.0,0.0,2.0,4.0,4.0,3.0,2.0,3.0,1.0,2.0, negative
888,3.0,3.0,1.0,2.0,0.0,2.0,2.0,0.0,0.0,0.0,4.0, negative
889,2.0,3.0,0.0,0.0,3.0,1.0,1.0,1.0,4.0,4.0,1.0, negative
890,3.0,1.0,1.0,4.0,4.0,1.0,0.0,4.0,1.0,3.0,0.0, negative
891,4.0,2.0,3.0,1.0,4.0,1.0,3.0,1.0,1.0,3.0,3.0, negative
892,0.0,0.0,1.0,3.0,0.0,2.0,0.0,1.0,2.0,0.0,4.0, negative
893,2.0,2.0,1.0,1.0,4.0,1.0,2.0,1.0,1.0,3.0,3.0, negative
894,2.0,1.0,0.0,4.0,3.0,1.0,2.0,4.0,1.0,3.0,1.0, negative
895,4.0,3.0,4.0,3.0,4.0,4.0,3.0,4.0,0.0,2.0,0.0, negative
896,0.0,4.0,0.0,0.0,0.0,0.0,0.0,0.0,4.0,0.0,4.0, negative
897,2.0,0.0,1.0,0.0,1.0,2.0,3.0,0.0,0.0,0.0,4.0, negative
898,2.0,1.0,0.0,4.0,3.0,1.0,2.0,4.0,1.0,3.0,1.0, negative
899,2.0,2.0,4.0,2.0,0.0,4.0,4.0,2.0,2.0,2.0,2.0, negative
900,4.0,3.0,1.0,1.0,4.0,2.0,1.0,1.0,1.0,4.0,3.0, negative
901,3.0,2.0,3.0,0.0,1.0,0.0,1.0,1.0,4.0,2.0,3.0, negative
902,0.0,0.0,2.0,4.0,1.0,1.0,1.0,4.0,4.0,2.0,0.0, negative
903,3.0,0.0,4.0,1.0,4.0,4.0,1.0,1.0,0.0,3.0,1.0, negative
904,3.0,2.0,1.0,1.0,1.0,3.0,1.0,0.0,0.0,1.0,4.0, negative
905,0.0,1.0,1.0,4.0,3.0,3.0,1.0,3.0,4.0,3.0,0.0, negative
906,1.0,1.0,2.0,0.0,1.0,1.0,3.0,0.0,4.0,2.0,4.0, negative
907,2.0,2.0,2.0,0.0,1.0,1.0,3.0,0.0,4.0,2.0,4.0, negative
908,0.0,0.0,1.0,1.0,1.0,0.0,0.0,0.0,4.0,3.0,3.0, negative
909,2.0,2.0,2.0,0.0,1.0,1.0,3.0,0.0,4.0,2.0,4.0, negative
910,3.0,0.0,3.0,2.0,0.0,0.0,0.0,0.0,0.0,3.0,4.0, negative
911,2.0,4.0,1.0,1.0,0.0,1.0,0.0,0.0,0.0,0.0,4.0, negative
912,2.0,4.0,0.0,4.0,0.0,4.0,3.0,3.0,1.0,2.0,2.0, negative
913,2.0,4.0,0.0,4.0,0.0,4.0,3.0,3.0,1.0,2.0,2.0, negative
914,2.0,4.0,3.0,3.0,1.0,4.0,4.0,4.0,4.0,4.0,2.0, negative
915,2.0,4.0,3.0,3.0,1.0,4.0,4.0,4.0,4.0,4.0,2.0, negative
916,3.0,2.0,4.0,4.0,0.0,4.0,3.0,4.0,0.0,0.0,0.0, negative
917,1.0,3.0,4.0,3.0,1.0,4.0,4.0,2.0,2.0,2.0,2.0, negative
918,2.0,2.0,4.0,3.0,1.0,4.0,4.0,2.0,2.0,2.0,2.0, negative
919,0.0,1.0,4.0,1.0,2.0,1.0,1.0,0.0,3.0,2.0,3.0, negative
920,2.0,4.0,0.0,3.0,4.0,0.0,0.0,3.0,0.0,2.0,1.0, negative
921,4.0,0.0,3.0,1.0,4.0,1.0,2.0,0.0,0.0,3.0,4.0, negative
922,4.0,0.0,2.0,0.0,0.0,0.0,0.0,0.0,0.0,4.0,3.0, negative
923,4.0,0.0,3.0,1.0,4.0,1.0,2.0,0.0,0.0,3.0,4.0, negative
924,2.0,4.0,0.0,3.0,4.0,0.0,0.0,3.0,0.0,2.0,1.0, negative
925,4.0,0.0,3.0,1.0,4.0,1.0,2.0,0.0,0.0,3.0,4.0, negative
926,2.0,2.0,1.0,1.0,1.0,1.0,3.0,0.0,3.0,4.0,4.0, negative
927,3.0,3.0,1.0,3.0,2.0,2.0,2.0,3.0,3.0,2.0,3.0, negative
928,2.0,4.0,2.0,3.0,2.0,1.0,1.0,2.0,1.0,4.0,3.0, negative
929,1.0,2.0,0.0,1.0,1.0,2.0,1.0,0.0,0.0,0.0,4.0, negative
930,2.0,3.0,0.0,1.0,4.0,2.0,1.0,1.0,0.0,1.0,2.0, negative
931,0.0,3.0,1.0,1.0,3.0,2.0,1.0,1.0,2.0,2.0,0.0, negative
932,1.0,4.0,0.0,1.0,3.0,3.0,2.0,2.0,2.0,4.0,1.0, negative
933,0.0,3.0,1.0,1.0,3.0,2.0,1.0,1.0,2.0,2.0,0.0, negative
934,1.0,3.0,1.0,4.0,3.0,2.0,3.0,4.0,4.0,3.0,1.0, negative
935,1.0,3.0,1.0,4.0,3.0,2.0,3.0,4.0,4.0,3.0,1.0, negative
936,4.0,3.0,3.0,2.0,2.0,0.0,0.0,3.0,3.0,4.0,4.0, negative
937,3.0,1.0,1.0,2.0,2.0,3.0,4.0,2.0,1.0,0.0,1.0, negative
938,3.0,1.0,1.0,2.0,2.0,3.0,4.0,2.0,1.0,0.0,1.0, negative
939,4.0,4.0,4.0,3.0,4.0,4.0,3.0,4.0,0.0,3.0,0.0, negative
940,2.0,1.0,4.0,2.0,4.0,3.0,4.0,2.0,2.0,3.0,2.0, negative
941,3.0,2.0,2.0,1.0,3.0,1.0,0.0,0.0,2.0,3.0,4.0, negative
942,3.0,0.0,3.0,1.0,2.0,1.0,1.0,0.0,2.0,3.0,4.0, negative
943,3.0,0.0,3.0,1.0,2.0,1.0,1.0,0.0,2.0,3.0,4.0, negative
944,0.0,0.0,2.0,3.0,0.0,3.0,1.0,1.0,2.0,0.0,4.0, negative
945,2.0,3.0,0.0,1.0,1.0,0.0,0.0,1.0,0.0,0.0,1.0, negative
946,0.0,0.0,2.0,3.0,0.0,3.0,1.0,1.0,2.0,0.0,4.0, negative
947,2.0,3.0,0.0,1.0,1.0,0.0,0.0,1.0,0.0,0.0,1.0, negative
948,0.0,2.0,4.0,2.0,4.0,3.0,4.0,2.0,2.0,3.0,2.0, negative
949,3.0,4.0,2.0,4.0,4.0,3.0,3.0,3.0,2.0,4.0,3.0, negative
950,4.0,3.0,2.0,0.0,2.0,0.0,0.0,0.0,0.0,0.0,3.0, negative
951,4.0,3.0,2.0,0.0,2.0,0.0,0.0,0.0,0.0,0.0,3.0, negative
952,1.0,0.0,2.0,1.0,2.0,0.0,0.0,0.0,2.0,0.0,4.0, negative
953,2.0,3.0,4.0,4.0,4.0,1.0,3.0,4.0,2.0,4.0,0.0, negative
954,2.0,3.0,4.0,4.0,4.0,1.0,3.0,4.0,2.0,4.0,0.0, negative
955,2.0,4.0,0.0,4.0,2.0,3.0,3.0,4.0,1.0,4.0,2.0, negative
956,1.0,4.0,3.0,2.0,4.0,3.0,2.0,2.0,2.0,1.0,1.0, negative
957,2.0,4.0,3.0,3.0,3.0,2.0,2.0,3.0,2.0,3.0,1.0, negative
958,0.0,3.0,2.0,0.0,4.0,2.0,2.0,0.0,3.0,1.0,3.0, negative
959,0.0,0.0,2.0,2.0,2.0,1.0,0.0,2.0,4.0,2.0,1.0, negative
960,2.0,4.0,3.0,3.0,3.0,2.0,2.0,3.0,2.0,3.0,1.0, negative
961,0.0,3.0,2.0,0.0,4.0,2.0,2.0,0.0,3.0,1.0,3.0, negative
962,1.0,3.0,0.0,4.0,4.0,2.0,2.0,4.0,2.0,3.0,0.0, negative
963,1.0,3.0,0.0,4.0,4.0,2.0,2.0,4.0,2.0,3.0,0.0, negative
964,4.0,3.0,3.0,1.0,0.0,0.0,0.0,0.0,1.0,2.0,4.0, negative
965,4.0,4.0,4.0,3.0,4.0,4.0,3.0,4.0,0.0,3.0,0.0, negative
966,3.0,3.0,4.0,4.0,4.0,4.0,3.0,4.0,0.0,3.0,0.0, negative
967,0.0,0.0,1.0,3.0,0.0,4.0,1.0,2.0,3.0,1.0,4.0, negative
968,2.0,0.0,3.0,0.0,4.0,2.0,0.0,1.0,0.0,0.0,1.0, negative
969,4.0,4.0,2.0,1.0,0.0,0.0,1.0,0.0,0.0,4.0,4.0, negative
970,1.0,1.0,4.0,0.0,4.0,1.0,1.0,0.0,0.0,1.0,2.0, negative
971,0.0,3.0,0.0,1.0,3.0,0.0,0.0,1.0,2.0,3.0,1.0, negative
972,3.0,4.0,1.0,3.0,3.0,3.0,2.0,3.0,3.0,3.0,1.0, negative
973,0.0,3.0,0.0,1.0,3.0,0.0,0.0,1.0,2.0,3.0,1.0, negative
974,2.0,1.0,3.0,0.0,4.0,2.0,0.0,1.0,0.0,1.0,1.0, negative
975,3.0,4.0,1.0,3.0,3.0,3.0,2.0,3.0,3.0,3.0,1.0, negative
976,1.0,1.0,1.0,0.0,3.0,1.0,3.0,1.0,1.0,3.0,1.0, negative
977,2.0,0.0,3.0,0.0,0.0,2.0,0.0,0.0,1.0,0.0,4.0, negative
978,1.0,2.0,4.0,0.0,4.0,0.0,1.0,0.0,1.0,1.0,2.0, negative
979,2.0,2.0,0.0,4.0,0.0,0.0,1.0,4.0,1.0,3.0,1.0, negative
980,3.0,3.0,0.0,0.0,1.0,3.0,3.0,0.0,2.0,2.0,3.0, negative
981,3.0,3.0,0.0,0.0,1.0,3.0,3.0,0.0,2.0,2.0,3.0, negative
982,1.0,2.0,4.0,0.0,4.0,0.0,1.0,0.0,1.0,1.0,2.0, negative
983,0.0,1.0,0.0,2.0,3.0,3.0,2.0,2.0,3.0,3.0,1.0, negative
984,0.0,1.0,0.0,2.0,3.0,3.0,2.0,2.0,3.0,3.0,1.0, negative
985,1.0,4.0,0.0,4.0,0.0,1.0,1.0,2.0,3.0,3.0,4.0, negative
986,1.0,4.0,0.0,2.0,2.0,1.0,0.0,1.0,3.0,1.0,3.0, negative
987,1.0,4.0,0.0,2.0,2.0,1.0,0.0,1.0,3.0,1.0,3.0, negative
988,0.0,0.0,0.0,1.0,4.0,3.0,1.0,0.0,1.0,1.0,2.0, negative
989,0.0,2.0,0.0,1.0,0.0,1.0,0.0,0.0,4.0,1.0,4.0, negative
990,1.0,4.0,0.0,0.0,3.0,0.0,0.0,1.0,3.0,0.0,0.0, negative
991,3.0,4.0,1.0,3.0,3.0,2.0,1.0,3.0,2.0,2.0,3.0, negative
992,0.0,2.0,2.0,0.0,3.0,2.0,3.0,0.0,4.0,1.0,3.0, negative
993,4.0,1.0,3.0,0.0,3.0,0.0,1.0,1.0,1.0,4.0,2.0, negative
994,2.0,0.0,2.0,2.0,2.0,2.0,2.0,1.0,3.0,0.0,4.0, negative
995,2.0,4.0,1.0,3.0,4.0,4.0,3.0,2.0,3.0,1.0,3.0, negative
996,2.0,4.0,1.0,3.0,4.0,4.0,3.0,2.0,3.0,1.0,3.0, negative
997,0.0,1.0,4.0,0.0,1.0,3.0,2.0,0.0,2.0,4.0,2.0, negative
998,4.0,4.0,1.0,0.0,3.0,1.0,4.0,0.0,3.0,0.0,4.0, negative
999,3.0,2.0,4.0,3.0,2.0,3.0,1.0,3.0,0.0,1.0,0.0, negative
1000,1.0,0.0,1.0,2.0,2.0,3.0,2.0,1.0,1.0,3.0,3.0, negative
1001,3.0,3.0,1.0,3.0,2.0,3.0,4.0,3.0,4.0,0.0,1.0, negative
1002,0.0,1.0,1.0,1.0,2.0,1.0,1.0,0.0,4.0,4.0,4.0, negative
1003,3.0,3.0,1.0,3.0,2.0,3.0,4.0,3.0,4.0,0.0,1.0, negative
1004,0.0,2.0,4.0,0.0,2.0,3.0,4.0,0.0,3.0,2.0,2.0, negative
1005,0.0,3.0,4.0,2.0,2.0,4.0,3.0,2.0,3.0,2.0,2.0, negative
1006,0.0,2.0,4.0,0.0,2.0,3.0,4.0,0.0,3.0,2.0,2.0, negative
1007,3.0,1.0,3.0,1.0,4.0,0.0,1.0,0.0,2.0,2.0,3.0, negative
1008,2.0,3.0,3.0,1.0,4.0,0.0,1.0,0.0,3.0,3.0,4.0, negative
1009,2.0,0.0,3.0,1.0,1.0,2.0,0.0,0.0,2.0,4.0,4.0, negative
1010,2.0,1.0,3.0,4.0,3.0,4.0,4.0,4.0,3.0,4.0,2.0, negative
1011,2.0,1.0,3.0,4.0,3.0,4.0,4.0,4.0,3.0,4.0,2.0, negative
1012,4.0,2.0,2.0,0.0,1.0,1.0,0.0,0.0,1.0,4.0,4.0, negative
1013,1.0,0.0,0.0,2.0,4.0,1.0,0.0,1.0,1.0,2.0,2.0, negative
1014,4.0,2.0,3.0,0.0,3.0,2.0,2.0,0.0,1.0,2.0,4.0, negative
1015,4.0,4.0,4.0,4.0,2.0,4.0,2.0,4.0,0.0,2.0,1.0, negative
1016,0.0,2.0,2.0,0.0,3.0,1.0,3.0,0.0,4.0,1.0,3.0, negative
1017,2.0,4.0,1.0,3.0,4.0,4.0,4.0,3.0,0.0,3.0,2.0, negative
1018,2.0,4.0,1.0,3.0,4.0,4.0,4.0,3.0,0.0,3.0,2.0, negative
1019,2.0,4.0,1.0,3.0,4.0,4.0,4.0,3.0,0.0,3.0,2.0, negative
1020,0.0,3.0,1.0,3.0,4.0,2.0,4.0,2.0,4.0,4.0,4.0, negative
1021,1.0,2.0,0.0,4.0,1.0,1.0,1.0,3.0,2.0,3.0,1.0, negative
1022,3.0,1.0,2.0,0.0,0.0,1.0,0.0,0.0,0.0,4.0,4.0, negative
1023,1.0,2.0,0.0,4.0,1.0,1.0,1.0,3.0,2.0,3.0,1.0, negative
1024,4.0,4.0,4.0,4.0,0.0,3.0,1.0,4.0,0.0,2.0,1.0, negative
1025,4.0,3.0,4.0,4.0,0.0,3.0,1.0,4.0,0.0,3.0,1.0, negative
1026,0.0,3.0,1.0,2.0,3.0,0.0,1.0,1.0,2.0,1.0,1.0, negative
1027,0.0,3.0,1.0,1.0,0.0,2.0,1.0,0.0,0.0,0.0,4.0, negative
1028,3.0,4.0,1.0,4.0,2.0,3.0,4.0,4.0,1.0,3.0,2.0, negative
1029,2.0,4.0,0.0,4.0,1.0,4.0,4.0,4.0,1.0,3.0,2.0, negative
1030,3.0,0.0,3.0,2.0,3.0,2.0,3.0,2.0,1.0,3.0,3.0, negative
1031,0.0,1.0,1.0,4.0,4.0,1.0,1.0,4.0,4.0,3.0,3.0, negative
1032,0.0,1.0,1.0,4.0,4.0,1.0,1.0,4.0,4.0,3.0,3.0, negative
1033,4.0,2.0,0.0,1.0,2.0,1.0,1.0,0.0,1.0,1.0,3.0, negative
1034,0.0,1.0,1.0,4.0,4.0,1.0,1.0,4.0,4.0,3.0,3.0, negative
1035,3.0,0.0,3.0,4.0,2.0,4.0,3.0,4.0,3.0,4.0,2.0, negative
1036,3.0,0.0,3.0,4.0,2.0,4.0,3.0,4.0,3.0,4.0,2.0, negative
1037,3.0,0.0,1.0,3.0,2.0,1.0,1.0,2.0,1.0,4.0,4.0, negative
1038,3.0,0.0,3.0,4.0,2.0,4.0,3.0,4.0,3.0,4.0,2.0, negative
1039,3.0,1.0,1.0,1.0,2.0,2.0,0.0,0.0,1.0,0.0,4.0, negative
1040,3.0,4.0,0.0,3.0,4.0,0.0,0.0,3.0,2.0,1.0,2.0, negative
1041,1.0,1.0,3.0,2.0,4.0,3.0,4.0,2.0,2.0,3.0,2.0, negative
1042,1.0,1.0,1.0,3.0,3.0,3.0,3.0,2.0,1.0,3.0,2.0, negative
1043,1.0,1.0,1.0,3.0,3.0,3.0,3.0,2.0,1.0,2.0,2.0, negative
1044,1.0,1.0,1.0,3.0,3.0,3.0,3.0,2.0,1.0,3.0,2.0, negative
1045,3.0,4.0,2.0,3.0,3.0,3.0,3.0,3.0,1.0,3.0,1.0, negative
1046,3.0,3.0,1.0,3.0,4.0,3.0,4.0,3.0,0.0,4.0,2.0, negative
1047,0.0,2.0,2.0,2.0,2.0,2.0,3.0,1.0,3.0,3.0,4.0, negative
1048,1.0,1.0,0.0,2.0,3.0,3.0,3.0,2.0,2.0,2.0,2.0, negative
1049,3.0,2.0,3.0,1.0,3.0,2.0,2.0,0.0,2.0,2.0,4.0, negative
1050,3.0,3.0,1.0,3.0,2.0,2.0,1.0,3.0,2.0,1.0,2.0, negative
1051,1.0,0.0,2.0,3.0,4.0,4.0,1.0,2.0,0.0,1.0,1.0, negative
1052,3.0,3.0,1.0,3.0,2.0,2.0,1.0,3.0,2.0,1.0,2.0, negative
1053,1.0,0.0,0.0,1.0,4.0,0.0,1.0,1.0,0.0,1.0,2.0, negative
1054,1.0,3.0,0.0,1.0,3.0,3.0,3.0,1.0,2.0,3.0,2.0, negative
1055,1.0,3.0,0.0,2.0,1.0,0.0,1.0,2.0,0.0,3.0,0.0, negative
1056,1.0,1.0,0.0,3.0,3.0,3.0,3.0,2.0,3.0,2.0,2.0, negative
1057,0.0,1.0,4.0,4.0,4.0,2.0,3.0,4.0,2.0,3.0,1.0, negative
1058,3.0,0.0,3.0,4.0,2.0,4.0,4.0,4.0,3.0,4.0,2.0, negative
1059,0.0,1.0,4.0,4.0,4.0,2.0,3.0,4.0,2.0,3.0,1.0, negative
1060,2.0,1.0,0.0,3.0,3.0,2.0,2.0,3.0,1.0,4.0,2.0, negative
1061,3.0,2.0,1.0,3.0,3.0,4.0,3.0,3.0,1.0,4.0,3.0, negative
1062,3.0,2.0,1.0,3.0,3.0,4.0,3.0,3.0,1.0,4.0,3.0, negative
1063,3.0,2.0,1.0,3.0,3.0,4.0,3.0,3.0,1.0,4.0,3.0, negative
1064,2.0,1.0,0.0,3.0,3.0,2.0,2.0,3.0,1.0,4.0,2.0, negative
1065,3.0,2.0,1.0,3.0,3.0,4.0,3.0,3.0,1.0,4.0,3.0, negative
1066,0.0,0.0,4.0,2.0,4.0,3.0,4.0,1.0,3.0,1.0,2.0, negative
1067,0.0,2.0,0.0,2.0,1.0,3.0,4.0,2.0,3.0,0.0,2.0, negative
1068,0.0,2.0,0.0,2.0,1.0,3.0,4.0,2.0,3.0,0.0,2.0, negative
1069,0.0,2.0,0.0,2.0,1.0,3.0,4.0,2.0,3.0,0.0,2.0, negative
1070,0.0,1.0,4.0,2.0,4.0,2.0,3.0,1.0,1.0,2.0,2.0, negative
1071,1.0,2.0,0.0,4.0,4.0,1.0,2.0,4.0,1.0,3.0,1.0, negative
1072,0.0,1.0,4.0,2.0,4.0,2.0,3.0,1.0,1.0,2.0,2.0, negative
1073,1.0,3.0,1.0,3.0,1.0,1.0,4.0,3.0,1.0,4.0,3.0, negative
1074,2.0,4.0,1.0,3.0,4.0,4.0,4.0,3.0,3.0,1.0,2.0, negative
1075,0.0,0.0,0.0,0.0,2.0,3.0,1.0,0.0,3.0,0.0,4.0, negative
1076,3.0,4.0,0.0,2.0,2.0,0.0,1.0,1.0,1.0,2.0,3.0, negative
1077,2.0,3.0,2.0,4.0,3.0,1.0,2.0,4.0,1.0,3.0,1.0, negative
1078,2.0,3.0,2.0,4.0,3.0,1.0,2.0,4.0,1.0,3.0,1.0, negative
1079,3.0,4.0,0.0,2.0,2.0,0.0,1.0,1.0,1.0,2.0,3.0, negative
1080,3.0,2.0,1.0,1.0,2.0,2.0,1.0,1.0,2.0,3.0,3.0, negative
1081,1.0,2.0,0.0,2.0,2.0,3.0,3.0,2.0,3.0,2.0,2.0, negative
1082,0.0,2.0,2.0,4.0,3.0,2.0,3.0,4.0,2.0,3.0,0.0, negative
1083,0.0,2.0,2.0,4.0,3.0,2.0,3.0,4.0,2.0,3.0,0.0, negative
1084,0.0,0.0,0.0,2.0,1.0,1.0,1.0,1.0,4.0,3.0,3.0, negative
1085,2.0,1.0,4.0,4.0,3.0,2.0,2.0,4.0,1.0,2.0,1.0, negative
1086,2.0,1.0,4.0,4.0,3.0,2.0,2.0,4.0,1.0,2.0,1.0, negative
1087,0.0,3.0,1.0,1.0,3.0,2.0,2.0,1.0,4.0,3.0,4.0, negative
1088,1.0,1.0,1.0,2.0,3.0,3.0,2.0,1.0,3.0,2.0,3.0, negative
1089,2.0,2.0,1.0,0.0,1.0,0.0,0.0,0.0,2.0,4.0,4.0, negative
1090,3.0,4.0,0.0,1.0,4.0,1.0,2.0,1.0,1.0,4.0,3.0, negative
1091,0.0,4.0,1.0,1.0,3.0,0.0,1.0,1.0,3.0,2.0,1.0, negative
1092,0.0,0.0,4.0,4.0,4.0,4.0,1.0,3.0,1.0,0.0,4.0, negative
1093,1.0,2.0,2.0,3.0,4.0,4.0,2.0,2.0,1.0,1.0,1.0, negative
1094,2.0,0.0,1.0,2.0,3.0,1.0,0.0,1.0,1.0,3.0,4.0, negative
1095,1.0,3.0,1.0,3.0,3.0,1.0,2.0,1.0,0.0,1.0,4.0, negative
1096,1.0,2.0,1.0,2.0,3.0,3.0,2.0,1.0,2.0,3.0,3.0, negative
1097,0.0,2.0,0.0,1.0,0.0,0.0,0.0,0.0,4.0,3.0,4.0, negative
1098,2.0,1.0,0.0,0.0,4.0,0.0,0.0,0.0,1.0,4.0,2.0, negative
1099,0.0,4.0,0.0,3.0,3.0,1.0,4.0,3.0,3.0,3.0,0.0, negative
1100,0.0,3.0,2.0,2.0,3.0,4.0,4.0,2.0,3.0,2.0,3.0, negative
1101,2.0,0.0,1.0,4.0,2.0,4.0,2.0,3.0,1.0,0.0,2.0, negative
1102,0.0,1.0,0.0,3.0,2.0,3.0,1.0,3.0,2.0,0.0,4.0, negative
1103,4.0,0.0,3.0,0.0,2.0,0.0,0.0,1.0,2.0,3.0,3.0, negative
1104,4.0,0.0,3.0,3.0,0.0,0.0,0.0,2.0,2.0,0.0,4.0, negative
1105,2.0,2.0,3.0,3.0,0.0,0.0,0.0,2.0,0.0,3.0,4.0, negative
1106,2.0,2.0,3.0,3.0,0.0,0.0,0.0,2.0,0.0,3.0,4.0, negative
1107,1.0,4.0,0.0,4.0,2.0,3.0,3.0,4.0,4.0,4.0,4.0, negative
1108,2.0,2.0,3.0,3.0,0.0,0.0,0.0,2.0,0.0,3.0,4.0, negative
1109,2.0,4.0,2.0,3.0,4.0,1.0,0.0,3.0,1.0,1.0,2.0, negative
1110,0.0,0.0,3.0,1.0,0.0,2.0,2.0,0.0,4.0,4.0,4.0, negative
1111,0.0,2.0,4.0,3.0,1.0,1.0,2.0,3.0,4.0,4.0,4.0, negative
1112,4.0,4.0,1.0,3.0,0.0,3.0,3.0,2.0,0.0,2.0,4.0, negative
1113,0.0,2.0,4.0,3.0,1.0,1.0,2.0,3.0,4.0,4.0,4.0, negative
1114,0.0,2.0,2.0,0.0,0.0,1.0,0.0,0.0,3.0,0.0,4.0, negative
1115,1.0,2.0,2.0,2.0,3.0,2.0,1.0,1.0,4.0,4.0,4.0, negative
1116,2.0,2.0,2.0,2.0,1.0,0.0,1.0,1.0,0.0,4.0,4.0, negative
1117,0.0,4.0,3.0,1.0,0.0,1.0,0.0,0.0,3.0,2.0,4.0, negative
1118,0.0,2.0,0.0,2.0,1.0,3.0,2.0,2.0,2.0,2.0,3.0, negative
1119,3.0,3.0,0.0,2.0,4.0,1.0,3.0,2.0,0.0,2.0,2.0, negative
1120,3.0,2.0,3.0,0.0,1.0,1.0,0.0,0.0,0.0,4.0,4.0, negative
1121,1.0,4.0,0.0,1.0,4.0,2.0,4.0,2.0,3.0,2.0,0.0, negative
1122,1.0,4.0,1.0,1.0,2.0,2.0,3.0,0.0,4.0,4.0,4.0, negative
1123,2.0,4.0,0.0,1.0,4.0,3.0,4.0,1.0,1.0,4.0,1.0, negative
1124,0.0,4.0,0.0,2.0,1.0,0.0,0.0,1.0,4.0,1.0,3.0, negative
1125,0.0,4.0,4.0,0.0,3.0,4.0,4.0,1.0,3.0,3.0,2.0, negative
1126,4.0,1.0,3.0,0.0,2.0,2.0,2.0,0.0,1.0,2.0,4.0, negative
1127,1.0,3.0,4.0,3.0,4.0,2.0,4.0,3.0,2.0,1.0,1.0, negative
1128,0.0,4.0,2.0,0.0,2.0,0.0,1.0,0.0,4.0,1.0,4.0, negative
1129,0.0,3.0,0.0,0.0,0.0,4.0,3.0,0.0,4.0,2.0,3.0, negative
1130,0.0,3.0,0.0,0.0,0.0,4.0,3.0,0.0,4.0,2.0,3.0, negative
1131,0.0,3.0,0.0,0.0,0.0,4.0,3.0,0.0,4.0,2.0,4.0, negative
1132,3.0,1.0,2.0,3.0,4.0,1.0,1.0,3.0,3.0,2.0,4.0, negative
1133,2.0,2.0,2.0,4.0,1.0,4.0,3.0,3.0,1.0,4.0,3.0, negative
1134,2.0,2.0,2.0,4.0,1.0,4.0,3.0,3.0,1.0,4.0,3.0, negative
1135,2.0,2.0,2.0,0.0,1.0,0.0,0.0,0.0,1.0,4.0,4.0, negative
1136,2.0,3.0,3.0,1.0,3.0,0.0,0.0,1.0,4.0,2.0,4.0, negative
1137,0.0,3.0,4.0,1.0,3.0,4.0,4.0,1.0,3.0,2.0,2.0, negative
1138,0.0,0.0,3.0,0.0,0.0,4.0,2.0,0.0,4.0,1.0,4.0, negative
1139,0.0,1.0,0.0,2.0,1.0,0.0,0.0,1.0,4.0,4.0,3.0, negative
1140,0.0,3.0,1.0,4.0,3.0,2.0,3.0,4.0,1.0,4.0,1.0, negative
1141,1.0,2.0,4.0,3.0,4.0,3.0,4.0,3.0,2.0,3.0,1.0, negative
1142,0.0,2.0,0.0,2.0,1.0,2.0,2.0,1.0,2.0,2.0,3.0, negative
1143,1.0,3.0,2.0,4.0,2.0,4.0,2.0,2.0,0.0,4.0,3.0, negative
1144,0.0,3.0,2.0,2.0,4.0,3.0,2.0,2.0,2.0,2.0,2.0, negative
1145,0.0,3.0,0.0,4.0,1.0,2.0,1.0,3.0,2.0,1.0,3.0, negative
1146,3.0,3.0,4.0,3.0,3.0,0.0,0.0,3.0,3.0,3.0,4.0, negative
1147,0.0,4.0,3.0,1.0,3.0,2.0,2.0,2.0,4.0,3.0,1.0, negative
1148,0.0,4.0,4.0,0.0,4.0,4.0,3.0,0.0,1.0,2.0,2.0, negative
1149,1.0,1.0,3.0,3.0,1.0,4.0,2.0,3.0,3.0,2.0,1.0, negative
1150,0.0,3.0,1.0,1.0,4.0,0.0,2.0,0.0,3.0,0.0,4.0, negative
1151,2.0,4.0,3.0,3.0,4.0,0.0,0.0,3.0,1.0,2.0,2.0, negative
1152,0.0,3.0,1.0,1.0,2.0,3.0,3.0,0.0,3.0,1.0,4.0, negative
1153,2.0,4.0,2.0,1.0,4.0,0.0,0.0,1.0,2.0,4.0,2.0, negative
1154,1.0,3.0,4.0,3.0,3.0,3.0,3.0,2.0,1.0,2.0,2.0, negative
1155,1.0,3.0,4.0,3.0,3.0,3.0,3.0,2.0,1.0,2.0,2.0, negative
1156,0.0,1.0,3.0,1.0,1.0,0.0,1.0,0.0,4.0,4.0,4.0, negative
1157,0.0,1.0,1.0,0.0,2.0,1.0,0.0,0.0,4.0,4.0,4.0, negative
1158,1.0,3.0,4.0,2.0,3.0,4.0,3.0,2.0,1.0,2.0,2.0, negative
1159,0.0,4.0,1.0,0.0,4.0,1.0,2.0,0.0,4.0,2.0,2.0, negative
1160,0.0,4.0,3.0,4.0,0.0,3.0,3.0,3.0,2.0,4.0,2.0, negative
1161,0.0,4.0,0.0,0.0,0.0,0.0,0.0,0.0,3.0,0.0,0.0, negative
1162,2.0,0.0,3.0,0.0,3.0,2.0,1.0,1.0,0.0,3.0,1.0, negative
1163,1.0,1.0,3.0,0.0,0.0,2.0,1.0,1.0,4.0,3.0,2.0, negative
1164,2.0,3.0,3.0,2.0,2.0,4.0,3.0,2.0,2.0,2.0,2.0, negative
